-0.5143 0.2242 0 14.7
-4.4312 -39.3674 4.5339 -20.5
6.7788 -5.698 -4.0072 12.8
19.1485 -9.799 -15.9391 1.5
28.2151 -9.78 -33.8403 -21.8
78.4066 9.9541 -47.6674 -42.3
30.943 2.7017 -73.035 -37.7
29.3403 -71.6143 -75.1648 -48.1
17.2953 -4.5854 -9.3879 2.4
35.6496 -12.2658 -18.4505 -13.1
79.3107 -93.1531 -10.0243 -54.5
110.4144 -37.7801 -37.1511 -52.8
164.1985 -42.6564 -49.5181 -63.9
170.2701 -41.3309 -54.8127 -64.2
39.2305 -3.6629 -8.6748 -10.7
81.5874 -41.1669 -6.6347 -51.9
112.4803 -71.2789 -17.0171 -62.3
138.6075 -96.2475 -11.89 -64.4
94.3922 -4.2956 7.9412 -36.3
145.7956 11.8377 24.7844 -62.5
171.9213 -25.1618 96.0642 -65.4
10.5045 -22.5513 19.5028 5.2
19.1579 -51.3163 61.3027 -31.5
22.4431 -37.0588 27.383 -25.8
67.5453 -3.3506 49.0151 -48.8
122.2689 1.7669 70.712 -63.6
155.3981 2.5625 92.5151 -65
144.8086 1.1286 86.0144 -64.7
113.0764 8.7784 58.2629 -62.2
85.646 -137.1338 29.7742 -61
-11.2366 -10.0169 -4.0808 10.2
-39.0387 25.3598 -39.6132 -15
-23.3374 -21.3299 -15.2892 -1
-66.9865 -27.3048 -33.5061 -29.1
-110.2683 -23.1316 -48.2855 -52.8
-158.3186 -26.6235 -63.2914 -63.6
-132.5421 -18.347 -60.5459 -58.5
-107.5945 -42.105 -45.289 -50.5
-33.0795 -32.8287 -18.8379 -9.4
-52.1012 -45.2955 -24.7197 -23.5
-116.9018 -65.7102 -95.6127 -61.4
-84.854 -94.7618 -50.8843 -52.6
-21.9693 -57.0318 -20.3153 -28.3
-8.1295 -130.6103 -6.2861 -57
-4.0017 -125.2104 -21.7117 -56.1
-11.6499 -7.4541 11.5885 9.5
-18.1526 -9.7232 19.718 -2.3
-15.7757 10.5302 24.917 -33.6
-14.4741 61.4145 17.5417 -55.9
-7.6206 134.3487 1.0474 -64.5
-7.3209 144.9242 -3.0519 -64.9
-22.8489 68.7391 19.1769 -57
-46.9907 126.3921 19.6733 -64
-39.6877 117.8155 20.9513 -63.6
-15.784 -10.2761 23.303 -10.7
4.9275 20.8752 28.7643 -37.1
83.2141 78.3095 79.6665 -63.8
45.0665 97.1683 64.9132 -62.8
1.3489 -79.5121 13.6566 -41.1
8.3623 -147.4459 6.6359 -62.5
10.064 -152.7343 4.5593 -62.7
-26.5325 -11.4508 21.7057 -2.6
-58.3742 12.7161 28.8758 -28.2
-82.5674 33.598 35.542 -49.6
-87.1454 35.6896 34.7072 -51.9
-107.1531 44.9571 36.5205 -55.3
-101.7536 42.5783 35.9973 -54.3
-89.7154 -67.1763 42.3395 -47.7
0.3426 18.4829 2.1245 13
-7.5803 32.7843 20.1268 5.4
-0.0193 54.2944 44.7091 -34.4
49.8325 99.4419 67.6464 -56.9
40.8975 105.2296 63.1935 -56.1
-13.806 87.5312 43.8134 -28
6.0272 35.5328 -2.8961 8.1
22.0932 63.0117 -36.5668 -9.9
61.8152 81.9506 -98.4625 -52.9
65.0216 126.9886 -57.7363 -50.1
8.8668 70.74 2.8706 -9
-72.9081 145.7389 26.014 -53.8
4.3061 118.9 8.3743 -32.6
-43.5278 105.257 39.6291 -55.4
3.2321 168.79 17.7415 -46.3
1.0511 216.5674 23.9248 -58.5
-51.3565 293.7701 39.0875 -65.1
-6.3856 293.3361 -34.0685 -65.5
9.8394 215.428 25.7752 -58.8
14.4793 228.881 26.7749 -61.7
-18.765 299.232 75.1323 -65.6
51.3313 331.215 59.143 -65.6
68.3031 308.2964 -11.5635 -65.5
25.6244 -75.4824 -12.1621 -22.8
64.1195 -65.2725 -27.2562 -20.2
74.7902 -34.8355 -28.4253 -19.7
83.6554 -5.9466 -17.0381 -19.4
93.4611 21.096 -2.2809 -19.3
72.1059 -78.505 -29.41 -20
99.1969 -75.4609 -44.7206 -19
125.042 -74.1452 -62.9382 -18.1
153.0294 -74.1745 -77.7198 -17.4
179.5948 -73.3059 -94.8459 -16.6
202.542 -61.6985 -112.2753 -15.9
223.7727 -51.2441 -133.2633 -15.3
246.4009 -45.112 -154.5242 -14.6
270.1227 -44.4804 -175.3758 -14.1
294.9646 -41.9333 -194.7907 -13.6
318.0084 -36.2182 -215.7098 -13.2
339.5563 -32.7273 -238.5777 -13
360.4799 -32.7623 -262.3416 -12.8
-4.1268 -83.9397 8.1251 -25.1
-6.2417 -108.5189 14.9773 -25.5
2.353 -100.4064 16.4359 -25.1
25.1172 -61.7554 4.8392 -23.6
47.4313 -24.9787 -13.8597 -22.4
69.8015 15.9929 -16.2146 -21.2
89.6354 58.1668 -13.2955 -20
93.2334 99.4681 -34.811 -18.8
120.8107 131.1438 -53.0647 -17.5
147.9985 160.4177 -68.0419 -16.9
146.3902 154.3172 -57.6414 -16.5
162.713 181.714 -59.2761 -15.7
182.6949 207.0616 -57.6328 -14.8
204.0476 230.6066 -51.3309 -13.9
225.423 253.4614 -42.9144 -13
250.0473 269.7621 -30.216 -12.2
275.1213 284.1931 -15.6192 -11.3
301.026 299.3761 -3.6443 -10.4
329.6277 311.493 5.4352 -9.5
357.0569 321.1704 19.638 -8.6
387.0017 331.6952 24.715 -7.8
418.8659 335.8799 28.4946 -7
450.1405 340.0953 29.2328 -6.4
480.9324 339.5789 19.3138 -5.8
510.7775 340.4886 7.8312 -5.3
538.3343 343.9227 -8.8683 -5
567.9172 346.3559 -21.4297 -4.8
-7.0976 -133.2352 18.2708 -26.3
-1.6619 -149.4294 28.2523 -25.7
23.8238 -170.9652 48.9904 -24.5
56.0317 -215.1409 65.6463 -23.7
41.1683 -220.4825 60.3833 -22.9
44.9588 -264.0728 54.9034 -20.2
58.5844 -305.1146 45.977 -18.4
64.7229 -345.9605 31.1527 -17
60.3837 -396.8143 12.7754 -16.4
43.5522 -418.1128 16.8703 -16.3
34.7332 -421.0248 -1.2153 -16
5.2752 -416.3969 -11.292 -14.6
56.671 -441.887 -1.4897 -15.8
61.2911 -471.5182 -10.1937 -14.3
65.5687 -500.5535 -20.8556 -13.6
70.4797 -528.131 -34.3201 -13.3
60.8551 -381.2745 28.7681 -16.1
49.705 -409.4421 35.5327 -15.8
35.5312 -436.1667 42.6458 -15.7
34.0502 -202.8322 75.3118 -23.7
26.3231 -220.5213 101.0537 -22.4
11.9898 -235.7227 125.6841 -21.7
0.2439 -250.759 151.4536 -21.4
-31.2273 -168.3997 52.4218 -23.4
-108.2342 -189.1577 95.6982 -22.1
-188.0048 -210.9338 134.6891 -21.4
-230.3857 -208.8351 162.3649 -20.9
-243.0342 -186.87 166.3612 -20
-258.0124 -166.7175 171.5552 -19.4
-272.9592 -149.1981 183.3744 -18.9
-274.6194 -130.1281 194.6428 -18.6
3.8006 -145.7792 43.8704 -25.6
32.8952 -145.8327 89.7345 -23.8
69.8082 -147.0028 129.7002 -22.3
103.0814 -149.031 168.8935 -21
127.8761 -154.2462 210.2117 -19.8
156.5561 -172.6844 244.9922 -18.5
189.043 -198.6011 270.7896 -17.2
212.6171 -232.8283 296.1704 -15.9
230.7946 -270.8997 320.8166 -14.6
246.7558 -281.3254 354.8028 -13.8
239.213 -294.9701 343.5114 -14
235.9039 -307.8214 360.5098 -14.3
237.2466 -321.7292 383.4282 -13.5
242.7684 -340.6759 410.7299 -11.4
245.5502 -359.8931 438.2579 -10.1
245.4395 -378.209 466.5182 -9.3
245.7898 -396.614 494.7258 -8.7
247.2704 -415.5627 522.5512 -8.4
251.1563 -434.1187 550.2716 -8.2
87.5934 -135.6219 166.9099 -21.6
-7.9626 -160.9634 18.1345 -27.8
-9.7733 -191.7909 13.6443 -29.6
0.3111 -186.3106 16.896 -29.7
21.8196 -142.5242 25.6371 -27.8
44.4553 -99.2652 34.0221 -26.3
67.7687 -57.8155 47.7439 -24.8
90.3573 -14.932 57.7556 -23.3
115.8272 25.7375 70.039 -21.8
143.4116 48.7977 84.549 -20.6
172.4181 54.8301 100.5883 -19.7
203.409 59.9864 112.3494 -18.9
236.16 61.1688 118.6348 -18.3
261.6991 62.4791 140.4317 -17.7
283.044 64.0298 166.4499 -17.2
304.3076 65.7583 192.5407 -16.8
327.7875 68.916 216.3702 -16.5
357.0815 83.717 217.9472 -16.4
136.8173 70.5974 74.0747 -21.5
153.5207 116.4975 75.0643 -20.7
170.7761 159.3158 76.6623 -18.6
187.457 194.3073 82.0931 -17.5
206.7498 221.1209 80.1821 -17.1
226.1796 247.7997 77.9679 -16.9
176.4126 211.288 86.5377 -17.5
-3.6015 -208.206 47.1657 -30.4
-10.1452 -219.7776 18.1593 -31.2
-8.2748 -240.4819 22.1215 -31.5
-5.6706 -261.4459 21.3399 -31.9
12.6428 -282.9749 5.4726 -31.6
43.5053 -303.0178 -28.352 -30.5
66.7702 -328.3479 -64.8831 -29.5
91.0543 -354.4813 -99.7774 -28.4
119.5917 -392.6253 -112.2357 -27.4
154.0592 -418.3877 -137.2856 -26.5
197.7758 -451.4113 -159.2027 -26.6
232.7956 -486.7495 -180.5366 -26.2
254.0974 -515.4037 -193.3683 -24.9
183.453 -424.9935 -166.6424 -26.1
-4.6221 -284.0175 19.9372 -32.4
17.1422 -302.2191 21.7009 -32.4
60.9283 -315.6499 13.3932 -31.7
102.2844 -335.8201 5.7516 -31.6
132.0095 -352.205 -4.9724 -30.7
165.1007 -370.8341 -10.3799 -28.2
207.761 -406.1044 -26.4379 -25.9
251.1543 -440.6604 -42.9178 -24.8
273.4766 -468.1064 -56.923 -23.6
292.5627 -475.054 -63.9122 -21.6
312.4409 -485.9257 -75.8281 -20
332.3744 -499.2912 -97.468 -18.6
353.7785 -510.0801 -119.0475 -17.5
381.7722 -516.6724 -133.5571 -16.6
409.4647 -525.8016 -147.4386 -15.8
432.323 -543.8546 -161.0531 -15
454.644 -562.8949 -174.611 -14.2
477.8752 -579.5127 -189.7293 -13.4
502.1223 -594.1413 -205.2903 -12.7
524.1723 -608.4308 -224.0378 -12
544.5793 -622.9915 -244.4499 -11.3
565.2014 -637.1232 -264.9423 -10.7
587.0492 -652.1838 -283.3969 -10.2
609.1832 -668.2113 -300.631 -9.8
633.097 -685.6538 -313.3593 -9.6
658.1782 -701.4179 -325.6514 -9.4
319.2435 -498.3447 -68.6098 -20.8
350.5635 -519.6716 -80.9899 -19.6
363.329 -541.2188 -73.5693 -17.8
377.6396 -536.302 -79.4062 -17.3
403.6501 -555.6821 -77.7388 -15.9
429.8839 -574.8258 -78.0953 -14.8
455.8147 -594.2535 -80.311 -13.8
480.7714 -614.7383 -83.8427 -12.9
504.166 -637.1489 -85.2008 -12
524.3617 -662.576 -85.5657 -11.1
543.6669 -688.6738 -86.712 -10.2
562.8628 -714.7519 -85.2813 -9.3
585.1318 -738.2876 -83.1677 -8.4
608.3597 -760.9646 -82.0025 -7.5
631.7525 -783.4973 -82.0543 -6.5
655.8252 -805.2522 -83.5156 -5.6
678.947 -828.0581 -83.3008 -4.6
702.3404 -850.5409 -84.6503 -3.6
726.5715 -872.0004 -87.3768 -2.6
750.536 -893.6669 -90.7481 -1.6
774.4262 -915.492 -93.3899 -0.6
797.3518 -938.4801 -92.7073 0.4
821.626 -959.7488 -89.2821 1.4
845.9883 -979.9587 -82.252 2.3
869.2595 -1000.6513 -73.0157 3.1
892.4524 -1021.886 -64.9117 3.9
917.5375 -1041.5626 -58.7896 4.5
943.6966 -1059.5773 -52.1075 5
970.401 -1075.4017 -42.5653 5.4
997.8819 -1089.9603 -33.1914 5.5
186.5951 -400.934 -13.9162 -26.7
141.6443 -360.6112 -24.62 -29.3
-12.0539 -310.1158 19.9125 -33.2
-24.7203 -340.2804 19.4352 -34.4
-15.8305 -403.6112 7.0705 -37.3
-16.8044 -463.7269 19.7165 -40.1
-17.3571 -488.1429 27.9007 -41
-7.2428 -548.5034 27.0794 -42.9
-4.795 -645.8628 26.5688 -46
-13.1553 -724.793 39.8404 -48.5
-16.5898 -787.595 41.4238 -50.3
-9.285 -849.7212 36.1167 -51.7
-43.0853 -898.4838 25.6423 -54.9
-90.1737 -939.713 29.9962 -57.9
-143.3404 -973.3462 26.1757 -60.4
-186.2709 -1016.3537 41.728 -62.4
-230.5438 -1060.9874 45.7729 -63.9
-275.3874 -1104.0982 52.8828 -64.9
4.3255 -707.7788 15.4803 -47.4
30.7496 -737.0377 -18.555 -47
53.7547 -771.2708 -50.4906 -46.3
74.8179 -806.6932 -82.4469 -45.6
96.4422 -839.6048 -116.6022 -44.8
117.2231 -876.1878 -145.8261 -44
140.5487 -901.1254 -185.2545 -43.3
163.3143 -940.0777 -210.9211 -42.8
176.0251 -977.2482 -245.0324 -42.4
192.3802 -1010.1799 -281.803 -42.3
9.7673 -505.5213 17.3371 -41.2
54.6178 -503.2491 -17.0849 -40.8
92.519 -505.1757 -59.3849 -40.9
131.5874 -506.8916 -83.6162 -40.4
167.8841 -510.5079 -91.3102 -38.4
203.1085 -507.9508 -98.3836 -36.6
238.4481 -501.5348 -102.0602 -35.4
272.3698 -501.1314 -108.8984 -34.7
304.6929 -488.1565 -118.0243 -34.3
-13.7819 -462.7611 -26.9954 -40.4
-26.7453 -480.6689 -86.1988 -39.6
-57.0408 -493.8851 -94.6024 -36.8
-99.0841 -501.2085 -62.0435 -35.2
-137.3646 -501.8097 -25.6934 -34.1
-186.5495 -509.5368 -6.3048 -33.4
-207.5633 -525.6646 19.9059 -33.1
-204.8259 -513.1404 23.5037 -33.1
-44.0549 -493.403 -120.4104 -37.3
-64.4749 -507.0374 -142.4823 -36.6
-90.6623 -517.8075 -159.5892 -36.2
-114.4668 -527.5433 -180.4247 -36
-52.3094 -366.492 11.5812 -34.6
-93.1488 -388.9278 -6.4021 -33.6
-133.6432 -399.5097 -29.8004 -32.4
-172.7578 -418.0309 -55.3672 -31.5
-219.3841 -453.5918 -61.928 -29
-249.7823 -482.3352 -68.8045 -25.4
-289.4613 -507.6201 -78.4551 -23.4
-331.0752 -532.3211 -74.7433 -21.9
-367.8554 -560.591 -87.8123 -20.5
-414.0515 -574.4926 -92.6769 -19.1
-454.5744 -592.2167 -86.2433 -18.5
-447.4262 -585.8733 -102.4367 -18.2
-467.1266 -582.8686 -102.6309 -17.9
-475.465 -605.0909 -106.1498 -17.3
-511.8333 -629.5674 -112.1223 -16.1
-544.1851 -652.5671 -134.0901 -15
-579.3966 -678.1011 -146.5297 -13.8
-619.0449 -699.1553 -153.856 -12.6
-657.6654 -719.6126 -166.3837 -11.4
-692.2622 -746.823 -175.5008 -10.1
-729.2472 -773.0758 -176.7507 -8.8
-767.2354 -797.3876 -182.3954 -7.4
-805.1527 -821.9227 -187.7704 -5.9
-841.5468 -849.102 -188.3932 -4.3
-878.226 -875.7111 -186.853 -2.7
-908.6032 -908.5073 -195.0224 -1.2
-944.3398 -935.0067 -203.3044 -0.4
-968.8717 -965.2873 -206.7454 0.5
-984.0849 -965.6803 -212.4665 4.1
-1012.8614 -980.6655 -221.1765 7.4
-1040.7956 -996.3828 -231.3246 9.7
-1069.1706 -1011.0872 -241.7549 11.5
-1094.973 -1031.7519 -247.5645 13
-1122.4965 -1050.8031 -250.5442 14.3
-1150.4701 -1069.4134 -251.7164 15.6
-1177.7937 -1088.5279 -255.913 16.7
-1206.8992 -1105.2152 -258.0241 17.8
-1237.293 -1119.3005 -259.0385 18.7
-1268.6302 -1131.4251 -258.152 19.5
-1300.1231 -1143.1629 -259.0669 20.1
-1331.9851 -1153.8109 -258.456 20.5
-1363.6916 -1164.6879 -256.521 20.7
-977.3385 -958.1103 -227.3284 3.5
-994.4885 -962.1798 -255.4357 5.7
-1011.2019 -970.6841 -282.8977 6.6
-233.1404 -462.083 -83.2954 -25.8
-234.8858 -462.3689 -116.6329 -24.4
-238.6146 -467.5537 -149.5232 -23.4
-241.8773 -473.6723 -182.3165 -22.6
-243.9562 -480.173 -215.1331 -21.9
-246.991 -486.5036 -247.8893 -21.3
-252.4195 -488.4165 -280.8454 -20.9
-259.0018 -486.6047 -313.6624 -20.5
-265.4877 -484.4936 -346.4814 -20.2
-272.1719 -482.2445 -379.2489 -20.1
-185.8055 -441.5609 -81.0811 -30.5
-179.7017 -456.8915 -118.1817 -29.2
-158.6665 -485.3255 -133.7869 -28.7
15.3144 -334.2242 12.0303 -32.4
72.1607 -351.9972 12.5509 -30.6
113.3148 -370.0233 11.1801 -29.7
152.3907 -389.6141 21.9818 -28.7
194.0434 -403.3855 22.5255 -27.5
236.4555 -414.7396 19.5057 -26.4
276.2928 -433.9997 28.1098 -25.3
316.5074 -454.1623 26.8949 -25
334.3399 -474.3665 11.8735 -24.2
321.6477 -496.1224 -12.5854 -22.5
382.1366 -480.4855 23.7361 -20.2
419.5528 -503.9403 34.2654 -16.8
452.116 -502.2305 44.7885 -15.6
481.623 -501.2186 62.3631 -14.6
503.8482 -499.0085 88.137 -13.8
529.1179 -497.0369 110.918 -13
559.4868 -496.8353 127.0218 -12.4
589.8498 -495.0496 142.9764 -11.8
621.3482 -489.3252 155.2378 -11.4
650.5956 -485.2651 171.5261 -11.1
675.3878 -479.12 194.4926 -10.9
416.9575 -514.72 26.6282 -17
444.8228 -534.953 21.8368 -16.4
473.1157 -554.522 16.8072 -16.1
499.2249 -576.1238 22.0103 -15.9
349.6716 -492.162 26.7903 -21.9
59.0439 -345.8608 40.4568 -30.5
63.2059 -354.347 93.565 -29.3
66.6481 -354.453 147.4958 -28
61.4029 -362.4195 199.9305 -26.6
67.9642 -360.7845 237.8684 -25.9
92.6685 -336.1494 254.8579 -25.9
52.1984 -369.8551 239.7036 -25.7
41.253 -367.5678 258.8935 -25.4
55.5908 -373.2717 276.4989 -24.8
58.808 -385.8671 321.5771 -23.7
64.856 -405.0203 365.3922 -22.6
66.4507 -411.998 413.3282 -21.5
66.0854 -422.9589 460.4087 -20.4
76.827 -431.2179 506.531 -19.3
82.4499 -434.7154 554.4265 -18.1
88.1391 -440.1135 602.2691 -16.8
98.1789 -440.3501 649.6475 -15.5
111.0372 -444.7939 695.5412 -13.9
120.8752 -455.7129 741.5027 -12.3
135.2381 -457.606 775.96 -11.5
127.996 -461.9894 772.6166 -11
132.3418 -469.7383 795.3516 -10.1
133.6828 -473.0105 826.672 -9.2
135.4512 -479.051 857.5961 -8.2
136.6034 -485.3113 888.5054 -7.3
136.8654 -491.3426 919.4834 -6.3
142.5349 -497.1952 949.8064 -5.3
151.0833 -501.2688 979.8776 -4.3
158.2017 -502.8846 1010.578 -3.3
166.0857 -503.0027 1041.136 -2.3
173.505 -505.3593 1071.6839 -1.3
180.1498 -507.5441 1102.4203 -0.3
185.808 -507.299 1133.4674 0.7
190.0599 -506.1763 1164.6654 1.7
193.296 -500.653 1195.5685 2.5
196.0463 -496.471 1226.7216 3.3
197.9042 -492.7589 1257.9154 4
199.2178 -488.0659 1289.0949 4.5
201.8918 -481.1353 1319.7663 4.9
203.647 -476.0151 1350.7358 5.1
116.0517 -480.489 793.2131 -10.4
94.7455 -498.6922 821.9378 -10.1
78.0029 -519.5272 851.9962 -10
56.8584 -79.1796 -25.3265 -20.6
69.8713 -50.2246 -28.8108 -19.9
79.3774 -20.0991 -23.5796 -19.6
87.9188 7.652 -9.3548 -19.4
102.4253 32.6626 4.3209 -19.3
86.7214 -76.8075 -35.1102 -19.4
111.8752 -74.781 -54.1802 -18.6
139.0093 -73.9742 -70.3726 -17.8
166.3433 -74.0848 -86.243 -17
192.3672 -68.2411 -102.2548 -16.3
212.9984 -56.6789 -123.0401 -15.6
234.8438 -48.2534 -144.1696 -15
258.4239 -44.272 -164.7146 -14.4
282.4122 -43.7308 -185.3142 -13.9
306.6551 -39.3126 -205.1188 -13.4
329.0699 -33.8209 -226.7709 -13.1
350.0541 -32.5083 -250.4277 -12.9
371.3133 -33.0241 -273.8747 -12.8
-5.3681 -96.2357 11.4681 -25.2
-6.5468 -121.0769 17.4061 -25.7
13.48 -79.9311 14.0353 -24.3
36.1809 -43.7702 -5.4612 -23
58.8473 -4.7525 -16.9904 -21.8
80.3871 36.7259 -13.0808 -20.6
91.7989 79.5835 -22.4556 -19.4
103.9717 116.3423 -46.2331 -18.2
138.1296 142.3588 -63.8574 -16.9
157.0987 178.2991 -74.6449 -16.9
154.3287 168.1885 -56.4213 -16.1
172.3793 194.684 -59.3232 -15.3
193.3573 218.8961 -54.6689 -14.4
214.6753 242.0999 -47.1478 -13.5
237.3472 263.0151 -37.6635 -12.6
262.6637 276.7621 -22.8427 -11.7
287.6006 291.8237 -8.6457 -10.9
315.3246 305.8581 0.3494 -10
343.2397 316.4484 12.6685 -9.1
371.5885 327.0318 23.5947 -8.2
403.0486 333.5642 25.8727 -7.5
434.4374 338.8987 31.8036 -6.7
465.4313 340.155 23.8686 -6.1
496.5725 339.2514 15.4683 -5.6
524.5537 342.0838 -0.545 -5.2
552.5481 345.3815 -16.4874 -4.9
583.5636 348.1218 -25.2049 -4.8
-7.6848 -145.3977 19.0936 -26.9
7.209 -151.997 35.414 -24.7
36.3391 -193.238 62.696 -24.5
69.1676 -231.8116 69.905 -23
41.7002 -242.5497 58.8248 -21.3
50.6257 -285.0357 50.6983 -19.2
64.1631 -325.1616 38.6275 -17.6
63.8289 -366.9241 24.0816 -16.4
55.5062 -426.8467 2.438 -16.7
37.9227 -412.7982 30.5343 -15.6
20.0041 -418.7113 -6.2536 -15.1
-9.4552 -414.1802 -16.3681 -14.3
58.9314 -456.7446 -5.7293 -14.9
63.4713 -486.0928 -15.3534 -13.9
68.3122 -514.4887 -27.3055 -13.4
69.6068 -542.0791 -41.2841 -13.2
55.953 -395.6003 32.254 -15.9
42.3921 -422.7181 38.9662 -15.7
28.7558 -449.4848 46.8585 -15.7
31.3633 -212.1093 88.2358 -22.9
19.3545 -228.1457 113.4665 -22
4.6533 -243.0324 138.08 -21.5
-0.2687 -257.7271 165.8142 -21.3
-69.3955 -181.6015 73.39 -22.7
-147.1606 -200.685 117.7011 -21.7
-225.1342 -219.9971 159.3221 -21.2
-235.8762 -197.3715 164.5237 -20.4
-251.5397 -177.31 168.2184 -19.7
-265.328 -158.0683 177.8361 -19.2
-278.8737 -139.0542 186.3457 -18.8
-269.6351 -122.0461 203.4279 -18.6
16.1579 -144.9342 68.1758 -24.7
50.9423 -144.7511 110.1952 -23.1
88.5445 -150.404 149.2781 -21.6
116.4386 -148.8943 189.3892 -20.4
141.179 -162.843 228.8521 -19.2
173.1553 -185.1452 257.9471 -17.9
202.2627 -214.309 284.0267 -16.6
221.3888 -252.6662 307.4997 -15.2
240.4009 -287.936 335.5198 -14
253.0582 -274.2233 374.2128 -13.7
237.5331 -301.4732 351.9462 -14
233.5172 -313.9345 369.0653 -14.7
240.3147 -331.1334 397.0644 -12.2
244.5029 -350.3078 424.443 -10.7
245.8464 -369.2899 452.2314 -9.7
245.4235 -387.138 480.8025 -9
246.4468 -406.1506 508.6004 -8.5
248.2812 -424.8438 536.5763 -8.3
256.3139 -444.6399 562.3458 -8.2
87.0249 -120.1014 184.2568 -21.7
-8.5043 -176.429 16.1066 -28.6
-10.0936 -207.326 12.4766 -30.6
10.9008 -164.3643 21.4051 -28.7
32.582 -120.572 29.6857 -27
56.8637 -78.7669 40.2982 -25.6
78.1061 -35.8775 52.7321 -24.1
102.9072 5.7069 63.2865 -22.5
129.576 45.5467 75.7455 -21.1
157.7472 51.7124 92.9104 -20.1
187.4382 57.8621 107.6017 -19.3
220.1046 61.3686 114.0398 -18.6
249.6365 61.6723 128.6911 -18
272.6387 63.1757 153.221 -17.4
293.5188 64.8718 179.6253 -17
315.6121 66.9429 204.9834 -16.7
341.9363 76.7059 219.5491 -16.4
373.1338 88.217 215.5093 -16.4
144.5531 95.3971 76.932 -21.9
162.2212 137.8871 75.6078 -19.4
178.5096 180.4715 81.478 -17.8
197.1033 207.7141 81.1376 -17.3
216.3963 234.5276 79.2266 -17
236.2429 260.7962 76.0889 -16.9
173.6598 242.0511 91.9132 -17.4
0.3462 -198.8201 78.5431 -29.2
-9.5032 -230.0878 20.5056 -31.3
-7.042 -250.9952 22.3431 -31.7
-4.3249 -271.7367 19.3036 -32.1
28.8605 -291.3023 -11.805 -31.1
55.1026 -316.6335 -45.9754 -30
78.6332 -339.7812 -83.8396 -29
103.7519 -374.8517 -105.9198 -27.9
135.9434 -407.96 -123.4818 -26.9
172.8702 -425.8151 -152.1611 -26.2
220.7345 -472.3049 -178.1181 -27.1
243.8607 -501.2929 -185.6975 -25.3
264.1564 -529.0132 -202.1007 -24.6
193.9516 -423.9782 -181.2427 -26
-4.9696 -296.3 20.637 -32.7
39.5246 -308.332 19.2794 -32
81.9011 -325.0464 9.4618 -31.5
121.7646 -346.778 -1.0553 -31.7
142.2689 -357.5987 -8.9021 -29.6
186.4429 -388.003 -17.1008 -26.8
231.5074 -420.5887 -35.6968 -25.1
264.5241 -465.0076 -51.9134 -24.6
282.9648 -471.351 -60.7801 -22.4
302.5107 -478.8256 -65.4143 -20.8
322.4577 -492.8883 -86.4262 -19.2
342.5444 -505.2577 -108.5111 -18
367.2894 -513.4022 -127.169 -17.1
395.8972 -520.7654 -140.2633 -16.2
421.6593 -533.6833 -154.419 -15.4
443.3664 -553.6071 -167.6994 -14.6
466.2261 -571.464 -181.9353 -13.9
489.7335 -587.0601 -197.6975 -13.1
513.6055 -601.2181 -214.1638 -12.4
534.3462 -615.6755 -234.2986 -11.7
554.8199 -630.185 -254.6782 -11
576.1771 -644.4781 -274.249 -10.5
597.9131 -660.0334 -292.4305 -10
620.7301 -676.6577 -308.1497 -9.7
646.1687 -693.9555 -317.8988 -9.5
669.5287 -708.1797 -334.9266 -9.4
337.0759 -512.0617 -80.9715 -20.9
364.0728 -527.4754 -80.6437 -18.2
362.1154 -555.1494 -66.2777 -17.6
390.6265 -545.9968 -78.3608 -16.5
416.7224 -565.3164 -77.7036 -15.3
442.8854 -584.5256 -78.9044 -14.3
468.3852 -604.3725 -82.1385 -13.4
492.9818 -625.3809 -85.0132 -12.5
514.478 -649.6906 -85.3231 -11.6
534.0782 -675.5829 -86.011 -10.7
553.2453 -701.7828 -86.8046 -9.8
573.7821 -726.7076 -84.0904 -8.9
596.7264 -749.6413 -82.5037 -8
619.9919 -772.2997 -81.895 -7
643.8112 -794.3457 -82.8724 -6.1
667.4758 -816.5607 -83.4196 -5.1
690.506 -839.4583 -83.7232 -4.1
714.433 -861.3104 -85.9032 -3.1
738.5487 -882.8557 -88.952 -2.1
762.5511 -904.4606 -92.4532 -1.1
785.9498 -926.9371 -93.425 -0.1
809.2473 -949.4391 -91.3033 0.9
834.1673 -969.6754 -86.5197 1.8
857.6992 -990.2042 -77.595 2.7
880.7031 -1011.3191 -68.6544 3.5
904.6832 -1032.0425 -61.6016 4.2
930.6026 -1050.7877 -55.9712 4.8
956.9302 -1067.7432 -47.4271 5.2
984.0403 -1082.8487 -37.8429 5.5
1011.7907 -1097.0718 -28.7444 5.5
186.3356 -414.0535 -10.5821 -26.6
140.5669 -363.4909 -40.6684 -29.1
-19.0747 -324.0611 19.6471 -33.7
-30.4238 -356.4767 18.6939 -35.1
-14.1491 -454.167 11.2039 -39.6
-18.1458 -475.1837 25.9358 -40.6
-15.8693 -501.2535 28.1626 -41.4
-5.0557 -596.9734 24.5497 -44.6
-9.1504 -694.3667 32.8866 -47.6
-14.5417 -756.0932 42.4953 -49.5
-13.4685 -818.8332 39.5756 -51.1
-20.257 -877.8741 31.8938 -53.4
-65.319 -920.8568 26.4565 -56.6
-117.0726 -955.9554 27.1541 -59.4
-166.3429 -993.1758 33.88 -61.6
-208.5728 -1038.5168 42.8397 -63.3
-251.3743 -1083.9767 51.6558 -64.6
-300.0499 -1123.2184 48.3965 -65.3
18.1666 -721.3831 -1.9777 -47.3
41.7823 -754.7961 -34.1565 -46.7
64.4676 -788.1326 -67.2925 -46
85.2672 -823.2436 -99.6239 -45.2
106.5309 -860.4295 -128.4893 -44.4
128.8223 -888.0914 -165.9638 -43.7
153.288 -920.0406 -197.7194 -43.1
169.4427 -959.9763 -226.6427 -42.6
183.7729 -992.1639 -264.9946 -42.4
202.0931 -1027.2406 -299.0092 -42.3
33.8238 -506.1751 2.2427 -41
73.2184 -501.8416 -38.6982 -40.7
112.1261 -511.7019 -79.076 -41.2
151.0034 -504.2384 -90.0801 -39.6
185.7005 -511.7353 -95.2498 -37.3
221.0868 -504.475 -98.3547 -35.9
254.0768 -500.8669 -109.709 -35
289.7516 -496.9766 -112.2021 -34.4
320.1178 -482.6544 -126.2837 -34.2
-18.1696 -472.6958 -65.0714 -41.4
-34.9593 -487.9641 -107.7178 -37.8
-78.2457 -499.3658 -78.96 -35.9
-117.2489 -498.7281 -42.5261 -34.6
-160.9669 -506.3862 -13.6365 -33.7
-209.3699 -514.7097 6.7241 -33.1
-205.2772 -536.8763 33.1932 -33.1
-199.7242 -511.4611 40.487 -33.1
-53.5725 -500.6594 -131.8493 -36.9
-77.3615 -512.0209 -151.6074 -36.4
-102.7668 -523.1137 -169.5694 -36.1
-126.2622 -530.9685 -191.5108 -36
-74.7 -376.3405 4.9988 -34.2
-113.7211 -388.0927 -20.9036 -33
-153.8734 -409.3476 -41.0334 -31.8
-188.957 -435.0822 -62.4209 -31.3
-232.6712 -465.1773 -67.2168 -26.7
-268.5648 -495.5861 -76.8053 -24.3
-309.3396 -521.343 -75.3122 -22.6
-349.5325 -546.8832 -79.9864 -21.2
-390.7101 -567.8232 -91.2447 -19.8
-436.1469 -581.5643 -99.902 -18.5
-472.0967 -600.4897 -69.1709 -18.5
-458.8967 -590.0118 -104.4177 -17.9
-475.2453 -575.2238 -100.7167 -17.9
-493.6051 -618.6633 -104.556 -16.7
-528.649 -639.8295 -123.4642 -15.6
-560.5798 -666.259 -141.8212 -14.4
-599.1921 -688.7313 -150.0588 -13.2
-638.2394 -709.6395 -160.0574 -12
-676.8348 -731.171 -169.6921 -10.8
-710.1682 -760.715 -176.8015 -9.5
-748.4736 -784.8631 -179.5425 -8.1
-786.1223 -809.8238 -184.8375 -6.7
-823.4288 -835.3735 -189.0462 -5.2
-859.9452 -862.3984 -186.9967 -3.6
-893.1122 -892.5208 -190.41 -1.9
-925.5616 -922.5874 -200.5247 -0.6
-961.5046 -949.05 -198.8059 -0.3
-975.4633 -981.9125 -214.9986 1.2
-998.741 -972.8788 -216.435 6
-1026.7588 -988.6865 -226.1923 8.6
-1055.0004 -1003.7216 -236.5212 10.6
-1082.173 -1021.1799 -245.0267 12.2
-1108.4663 -1041.6519 -249.1216 13.6
-1136.5458 -1060.011 -251.2134 14.9
-1164.1057 -1079.0049 -253.8123 16.1
-1192.3123 -1096.9315 -256.916 17.2
-1221.6917 -1113.0682 -259.4371 18.2
-1252.9866 -1125.2762 -258.2557 19.1
-1284.3301 -1137.4183 -258.6171 19.8
-1316.0521 -1148.534 -259.2814 20.3
-1347.8365 -1159.2354 -257.0606 20.6
-1379.4232 -1169.7373 -259.5577 20.7
-986.0691 -959.1098 -241.4347 4.9
-1002.841 -966.2173 -269.237 6.3
-1019.1279 -976.1049 -296.4731 6.9
-233.5582 -461.234 -99.965 -25
-236.9073 -464.5206 -133.1296 -23.8
-240.3531 -470.6881 -165.8955 -23
-243.0071 -476.795 -198.7443 -22.2
-245.1272 -483.6722 -231.4819 -21.6
-249.4561 -488.3334 -264.3551 -21.1
-255.6366 -487.6 -297.2737 -20.7
-262.3343 -485.5748 -330.0559 -20.4
-268.6647 -483.4066 -362.902 -20.2
-276.3908 -481.2987 -395.4413 -20.1
-182.7473 -448.2197 -100.0678 -29.7
-171.6134 -470.0368 -130.6157 -28.9
-145.171 -500.3591 -132.8911 -28.6
51.0362 -344.326 14.5063 -31.1
92.9266 -360.494 10.1363 -30.2
133.2991 -379.4519 15.5435 -29.2
172.4944 -398.3107 26.5748 -28.2
215.5481 -407.5019 17.1146 -27
256.2816 -424.1041 24.8373 -25.8
296.0502 -444.8609 28.8229 -24.9
337.8948 -460.3726 23.4534 -25.1
327.9936 -485.2444 -0.3559 -23
315.8689 -507.27 -24.8493 -22
403.5532 -503.8846 28.6131 -17.5
436.0628 -503.0836 39.0621 -16.1
466.3982 -501.9327 54.378 -15.1
494.1028 -499.8234 73.9759 -14.2
515.0966 -498.4294 101.1056 -13.4
544.177 -496.1419 119.197 -12.7
574.879 -496.2206 134.6771 -12.1
605.3081 -492.632 149.9423 -11.6
637.5745 -487.7325 160.7403 -11.2
662.3287 -482.2499 183.7568 -11
691.0383 -476.3324 200.9617 -10.9
430.8235 -524.9365 24.2675 -16.7
458.8827 -544.843 19.2403 -16.2
486.9723 -564.7834 17.2334 -16
509.1173 -587.5274 30.4849 -15.9
341.794 -517.2265 32.208 -20.9
62.7731 -352.3235 66.5294 -30
65.2677 -351.0561 120.6665 -28.7
67.925 -362.6689 173.3359 -27.4
54.951 -367.5681 225.9833 -26
80.2944 -348.6388 246.6423 -25.9
105.9556 -325.0225 263.2698 -25.9
49.2659 -371.4846 253.494 -25.4
32.951 -363.4367 264.0462 -25.4
59.3898 -375.0352 299.932 -24.3
61.2889 -397.3957 342.7266 -23.2
66.0432 -408.7942 389.3006 -22.1
66.5151 -417.9125 436.782 -21
71.461 -428.3394 483.2088 -19.9
80.0183 -431.4835 530.5382 -18.8
85.5696 -437.1943 578.3423 -17.5
92.9397 -441.2007 625.9926 -16.2
102.4893 -439.7682 673.4367 -14.8
117.5956 -451.1246 717.9836 -13.2
127.0131 -452.7144 764.5198 -11.5
143.9723 -462.6864 787.0848 -11.6
128.757 -471.8458 780.5286 -10.6
133.1908 -470.8224 811.0534 -9.7
134.5398 -475.9174 842.1566 -8.7
136.2045 -482.2711 873.026 -7.8
136.7881 -488.2705 904.0051 -6.8
138.445 -494.1288 934.8838 -5.8
146.826 -499.7322 964.7629 -4.8
154.7601 -502.2478 995.1914 -3.8
162.0069 -503.0379 1025.8919 -2.8
170.0899 -503.5334 1056.3865 -1.8
177.0336 -507.0516 1086.9689 -0.8
183.0347 -507.3053 1117.9325 0.2
188.1506 -507.4286 1149.0722 1.2
191.6747 -503.418 1180.1175 2.1
194.8766 -498.3345 1211.0959 2.9
197.0701 -494.6752 1242.32 3.6
198.546 -490.5706 1273.5296 4.2
200.4582 -484.6698 1304.4535 4.7
203.4246 -477.5821 1335.0652 5
202.5372 -476.1066 1366.4709 5.1
104.4001 -488.8622 807.2929 -10.3
86.125 -509.0248 836.8888 -10.1
70.8716 -530.8136 867.0396 -10.1
-8.6282 -146.3885 19.9073 -27.1
39.8837 -196.283 62.0424 -25.7
52.2124 -425.2878 2.9661 -18
-440.5964 -287.1647 305.3876 -40.5
235.3041 -319.4888 373.425 -17.5
143.947 96.9675 76.7385 -22.4
-10.0227 -208.9655 13.8689 -31
48.0567 -167.6382 104.9444 -17
95.5474 -135.2582 131.1674 3.5
192.3129 -154.7863 195.9653 46.1
108.7205 -166.6407 279.651 44.5
226.3214 -471.8972 -176.8742 -28.8
339.443 -514.353 -81.3239 -22.1
263.355 -469.6279 -53.4812 -26.4
126.1406 -345.3651 -2.7074 -33.3
150.355 -504.894 -90.5774 -39.7
116.5195 -519.7495 -80.4013 -43.2
-18.4192 -477.039 -64.1431 -42.8
-196.344 -440.2891 -61.529 -32.9
-965.7787 -953.8703 -205.8525 -2.7
-202.891 -446.1893 -62.819 -31.6
339.3725 -462.3025 23.7538 -25.5
343.9525 -465.5827 21.2048 -26.3
346.0706 -463.4172 24.2043 -25.4
