-0.5143 0.2242 0 -66.1
-4.4312 -39.3674 4.5339 -66.6
6.7788 -5.698 -4.0072 -66.2
19.1485 -9.799 -15.9391 -66.3
28.2151 -9.78 -33.8403 -66.2
78.4066 9.9541 -47.6674 -65.5
30.943 2.7017 -73.035 -65.7
29.3403 -71.6143 -75.1648 -66.4
17.2953 -4.5854 -9.3879 -65.9
35.6496 -12.2658 -18.4505 -65.7
79.3107 -93.1531 -10.0243 -66.3
110.4144 -37.7801 -37.1511 -65.9
164.1985 -42.6564 -49.5181 -65.7
170.2701 -41.3309 -54.8127 -65.6
39.2305 -3.6629 -8.6748 -65.6
81.5874 -41.1669 -6.6347 -65.6
112.4803 -71.2789 -17.0171 -65.8
138.6075 -96.2475 -11.89 -65.9
94.3922 -4.2956 7.9412 -65.8
145.7956 11.8377 24.7844 -65.4
171.9213 -25.1618 96.0642 -65.7
10.5045 -22.5513 19.5028 -66.8
19.1579 -51.3163 61.3027 -66.3
22.4431 -37.0588 27.383 -66.2
67.5453 -3.3506 49.0151 -65.3
122.2689 1.7669 70.712 -65.8
155.3981 2.5625 92.5151 -65.8
144.8086 1.1286 86.0144 -65.9
113.0764 8.7784 58.2629 -65.4
85.646 -137.1338 29.7742 -65.8
-11.2366 -10.0169 -4.0808 -66.3
-39.0387 25.3598 -39.6132 -65.5
-23.3374 -21.3299 -15.2892 -66.3
-66.9865 -27.3048 -33.5061 -65.9
-110.2683 -23.1316 -48.2855 -65.6
-158.3186 -26.6235 -63.2914 -65.8
-132.5421 -18.347 -60.5459 -65.5
-107.5945 -42.105 -45.289 -66.5
-33.0795 -32.8287 -18.8379 -66.4
-52.1012 -45.2955 -24.7197 -66.1
-116.9018 -65.7102 -95.6127 -65.8
-84.854 -94.7618 -50.8843 -66.3
-21.9693 -57.0318 -20.3153 -65.9
-8.1295 -130.6103 -6.2861 -66.4
-4.0017 -125.2104 -21.7117 -66.3
-11.6499 -7.4541 11.5885 -66.4
-18.1526 -9.7232 19.718 -66.4
-15.7757 10.5302 24.917 -66.7
-14.4741 61.4145 17.5417 -66.3
-7.6206 134.3487 1.0474 -65.4
-7.3209 144.9242 -3.0519 -65.5
-22.8489 68.7391 19.1769 -66
-46.9907 126.3921 19.6733 -65.2
-39.6877 117.8155 20.9513 -65.2
-15.784 -10.2761 23.303 -66.3
4.9275 20.8752 28.7643 -66.1
83.2141 78.3095 79.6665 -65.9
45.0665 97.1683 64.9132 -65.5
1.3489 -79.5121 13.6566 -66.2
8.3623 -147.4459 6.6359 -66.2
10.064 -152.7343 4.5593 -66.3
-26.5325 -11.4508 21.7057 -66.4
-58.3742 12.7161 28.8758 -65.5
-82.5674 33.598 35.542 -65.6
-87.1454 35.6896 34.7072 -65.7
-107.1531 44.9571 36.5205 -65.3
-101.7536 42.5783 35.9973 -65.4
-89.7154 -67.1763 42.3395 -65.8
0.3426 18.4829 2.1245 -65.6
-7.5803 32.7843 20.1268 -65.7
-0.0193 54.2944 44.7091 -66.8
49.8325 99.4419 67.6464 -65.7
40.8975 105.2296 63.1935 -65.4
-13.806 87.5312 43.8134 -65.4
6.0272 35.5328 -2.8961 -65.4
22.0932 63.0117 -36.5668 -65.6
61.8152 81.9506 -98.4625 -65.8
65.0216 126.9886 -57.7363 -65.2
8.8668 70.74 2.8706 -65.9
-72.9081 145.7389 26.014 -65.6
4.3061 118.9 8.3743 -65.7
-43.5278 105.257 39.6291 -66
3.2321 168.79 17.7415 -64.9
1.0511 216.5674 23.9248 -65.7
-51.3565 293.7701 39.0875 -65.6
-6.3856 293.3361 -34.0685 -65.9
9.8394 215.428 25.7752 -65.9
14.4793 228.881 26.7749 -66.2
-18.765 299.232 75.1323 -65.4
51.3313 331.215 59.143 -65.4
68.3031 308.2964 -11.5635 -65.8
25.6244 -75.4824 -12.1621 -66
64.1195 -65.2725 -27.2562 -65.3
74.7902 -34.8355 -28.4253 -63.8
83.6554 -5.9466 -17.0381 -62.4
93.4611 21.096 -2.2809 -61.3
72.1059 -78.505 -29.41 -66.2
99.1969 -75.4609 -44.7206 -66.5
125.042 -74.1452 -62.9382 -66.8
153.0294 -74.1745 -77.7198 -66.9
179.5948 -73.3059 -94.8459 -66.9
202.542 -61.6985 -112.2753 -66.6
223.7727 -51.2441 -133.2633 -66.2
246.4009 -45.112 -154.5242 -66
270.1227 -44.4804 -175.3758 -65.8
294.9646 -41.9333 -194.7907 -65.6
318.0084 -36.2182 -215.7098 -65.4
339.5563 -32.7273 -238.5777 -65.2
360.4799 -32.7623 -262.3416 -65.2
-4.1268 -83.9397 8.1251 -66.1
-6.2417 -108.5189 14.9773 -66.2
2.353 -100.4064 16.4359 -66
25.1172 -61.7554 4.8392 -65.8
47.4313 -24.9787 -13.8597 -65.6
69.8015 15.9929 -16.2146 -65.3
89.6354 58.1668 -13.2955 -64.8
93.2334 99.4681 -34.811 -64.4
120.8107 131.1438 -53.0647 -64.1
147.9985 160.4177 -68.0419 -63.6
146.3902 154.3172 -57.6414 -63.9
162.713 181.714 -59.2761 -63.6
182.6949 207.0616 -57.6328 -63.2
204.0476 230.6066 -51.3309 -62.9
225.423 253.4614 -42.9144 -62.6
250.0473 269.7621 -30.216 -62.4
275.1213 284.1931 -15.6192 -62.3
301.026 299.3761 -3.6443 -62.2
329.6277 311.493 5.4352 -62.2
357.0569 321.1704 19.638 -62.2
387.0017 331.6952 24.715 -62.2
418.8659 335.8799 28.4946 -62.4
450.1405 340.0953 29.2328 -62.5
480.9324 339.5789 19.3138 -62.8
510.7775 340.4886 7.8312 -63
538.3343 343.9227 -8.8683 -63
567.9172 346.3559 -21.4297 -63
-7.0976 -133.2352 18.2708 -66.2
-1.6619 -149.4294 28.2523 -66
23.8238 -170.9652 48.9904 -66
56.0317 -215.1409 65.6463 -66.1
41.1683 -220.4825 60.3833 -66.1
44.9588 -264.0728 54.9034 -66.9
58.5844 -305.1146 45.977 -68
64.7229 -345.9605 31.1527 -69.2
60.3837 -396.8143 12.7754 -70.8
43.5522 -418.1128 16.8703 -70.9
34.7332 -421.0248 -1.2153 -70.9
5.2752 -416.3969 -11.292 -70.6
56.671 -441.887 -1.4897 -72.3
61.2911 -471.5182 -10.1937 -73.9
65.5687 -500.5535 -20.8556 -75.3
70.4797 -528.131 -34.3201 -76.5
60.8551 -381.2745 28.7681 -70.5
49.705 -409.4421 35.5327 -71.6
35.5312 -436.1667 42.6458 -72.6
34.0502 -202.8322 75.3118 -66.4
26.3231 -220.5213 101.0537 -67.3
11.9898 -235.7227 125.6841 -68.1
0.2439 -250.759 151.4536 -68.8
-31.2273 -168.3997 52.4218 -66.7
-108.2342 -189.1577 95.6982 -67.7
-188.0048 -210.9338 134.6891 -68.6
-230.3857 -208.8351 162.3649 -68.5
-243.0342 -186.87 166.3612 -67.3
-258.0124 -166.7175 171.5552 -66.1
-272.9592 -149.1981 183.3744 -65
-274.6194 -130.1281 194.6428 -63.9
3.8006 -145.7792 43.8704 -65.5
32.8952 -145.8327 89.7345 -64.6
69.8082 -147.0028 129.7002 -63.8
103.0814 -149.031 168.8935 -63.2
127.8761 -154.2462 210.2117 -63
156.5561 -172.6844 244.9922 -63.4
189.043 -198.6011 270.7896 -64.2
212.6171 -232.8283 296.1704 -65.4
230.7946 -270.8997 320.8166 -66.8
246.7558 -281.3254 354.8028 -67.3
239.213 -294.9701 343.5114 -67.8
235.9039 -307.8214 360.5098 -68.4
237.2466 -321.7292 383.4282 -69.2
242.7684 -340.6759 410.7299 -70.1
245.5502 -359.8931 438.2579 -71.1
245.4395 -378.209 466.5182 -72.1
245.7898 -396.614 494.7258 -73.1
247.2704 -415.5627 522.5512 -74
251.1563 -434.1187 550.2716 -74.7
87.5934 -135.6219 166.9099 -63
-7.9626 -160.9634 18.1345 -66.2
-9.7733 -191.7909 13.6443 -66.4
0.3111 -186.3106 16.896 -66.5
21.8196 -142.5242 25.6371 -66.5
44.4553 -99.2652 34.0221 -66.3
67.7687 -57.8155 47.7439 -66.1
90.3573 -14.932 57.7556 -65.8
115.8272 25.7375 70.039 -65.3
143.4116 48.7977 84.549 -65.1
172.4181 54.8301 100.5883 -65.3
203.409 59.9864 112.3494 -65.5
236.16 61.1688 118.6348 -65.7
261.6991 62.4791 140.4317 -65.8
283.044 64.0298 166.4499 -65.8
304.3076 65.7583 192.5407 -65.8
327.7875 68.916 216.3702 -65.7
357.0815 83.717 217.9472 -65.3
136.8173 70.5974 74.0747 -64.1
153.5207 116.4975 75.0643 -62.2
170.7761 159.3158 76.6623 -60
187.457 194.3073 82.0931 -58.3
206.7498 221.1209 80.1821 -57.2
226.1796 247.7997 77.9679 -56.2
176.4126 211.288 86.5377 -57.9
-3.6015 -208.206 47.1657 -66.5
-10.1452 -219.7776 18.1593 -66.1
-8.2748 -240.4819 22.1215 -65.8
-5.6706 -261.4459 21.3399 -65.6
12.6428 -282.9749 5.4726 -65.6
43.5053 -303.0178 -28.352 -65.9
66.7702 -328.3479 -64.8831 -66.5
91.0543 -354.4813 -99.7774 -67.3
119.5917 -392.6253 -112.2357 -68.4
154.0592 -418.3877 -137.2856 -69.3
197.7758 -451.4113 -159.2027 -70.6
232.7956 -486.7495 -180.5366 -72.1
254.0974 -515.4037 -193.3683 -73.2
183.453 -424.9935 -166.6424 -69.6
-4.6221 -284.0175 19.9372 -65.4
17.1422 -302.2191 21.7009 -65.1
60.9283 -315.6499 13.3932 -64.9
102.2844 -335.8201 5.7516 -65
132.0095 -352.205 -4.9724 -65.1
165.1007 -370.8341 -10.3799 -65.2
207.761 -406.1044 -26.4379 -65.6
251.1543 -440.6604 -42.9178 -65.8
273.4766 -468.1064 -56.923 -66
292.5627 -475.054 -63.9122 -65.7
312.4409 -485.9257 -75.8281 -65.7
332.3744 -499.2912 -97.468 -65.9
353.7785 -510.0801 -119.0475 -66.1
381.7722 -516.6724 -133.5571 -66.2
409.4647 -525.8016 -147.4386 -66.5
432.323 -543.8546 -161.0531 -67.1
454.644 -562.8949 -174.611 -67.8
477.8752 -579.5127 -189.7293 -68.5
502.1223 -594.1413 -205.2903 -69.1
524.1723 -608.4308 -224.0378 -69.8
544.5793 -622.9915 -244.4499 -70.5
565.2014 -637.1232 -264.9423 -71.2
587.0492 -652.1838 -283.3969 -72
609.1832 -668.2113 -300.631 -72.8
633.097 -685.6538 -313.3593 -73.6
658.1782 -701.4179 -325.6514 -74.2
319.2435 -498.3447 -68.6098 -65.8
350.5635 -519.6716 -80.9899 -65.9
363.329 -541.2188 -73.5693 -66.2
377.6396 -536.302 -79.4062 -65.9
403.6501 -555.6821 -77.7388 -65.9
429.8839 -574.8258 -78.0953 -65.9
455.8147 -594.2535 -80.311 -66
480.7714 -614.7383 -83.8427 -66.2
504.166 -637.1489 -85.2008 -66.4
524.3617 -662.576 -85.5657 -66.8
543.6669 -688.6738 -86.712 -67.2
562.8628 -714.7519 -85.2813 -67.6
585.1318 -738.2876 -83.1677 -67.9
608.3597 -760.9646 -82.0025 -68.2
631.7525 -783.4973 -82.0543 -68.5
655.8252 -805.2522 -83.5156 -68.7
678.947 -828.0581 -83.3008 -69.1
702.3404 -850.5409 -84.6503 -69.4
726.5715 -872.0004 -87.3768 -69.8
750.536 -893.6669 -90.7481 -70.2
774.4262 -915.492 -93.3899 -70.7
797.3518 -938.4801 -92.7073 -71.3
821.626 -959.7488 -89.2821 -71.9
845.9883 -979.9587 -82.252 -72.5
869.2595 -1000.6513 -73.0157 -73.3
892.4524 -1021.886 -64.9117 -74.1
917.5375 -1041.5626 -58.7896 -74.9
943.6966 -1059.5773 -52.1075 -75.7
970.401 -1075.4017 -42.5653 -76.3
997.8819 -1089.9603 -33.1914 -76.9
186.5951 -400.934 -13.9162 -65.7
141.6443 -360.6112 -24.62 -65.2
-12.0539 -310.1158 19.9125 -65.2
-24.7203 -340.2804 19.4352 -65.3
-15.8305 -403.6112 7.0705 -65.8
-16.8044 -463.7269 19.7165 -66.6
-17.3571 -488.1429 27.9007 -67
-7.2428 -548.5034 27.0794 -68.1
-4.795 -645.8628 26.5688 -70.4
-13.1553 -724.793 39.8404 -72.7
-16.5898 -787.595 41.4238 -74.8
-9.285 -849.7212 36.1167 -76.6
-43.0853 -898.4838 25.6423 -77.8
-90.1737 -939.713 29.9962 -78.3
-143.3404 -973.3462 26.1757 -78.6
-186.2709 -1016.3537 41.728 -79.4
-230.5438 -1060.9874 45.7729 -80.8
-275.3874 -1104.0982 52.8828 -82.2
4.3255 -707.7788 15.4803 -71.5
30.7496 -737.0377 -18.555 -71.2
53.7547 -771.2708 -50.4906 -71.3
74.8179 -806.6932 -82.4469 -71.6
96.4422 -839.6048 -116.6022 -72.2
117.2231 -876.1878 -145.8261 -73.1
140.5487 -901.1254 -185.2545 -74
163.3143 -940.0777 -210.9211 -75.5
176.0251 -977.2482 -245.0324 -77.1
192.3802 -1010.1799 -281.803 -78.4
9.7673 -505.5213 17.3371 -67.2
54.6178 -503.2491 -17.0849 -67.2
92.519 -505.1757 -59.3849 -67.4
131.5874 -506.8916 -83.6162 -67.5
167.8841 -510.5079 -91.3102 -67.4
203.1085 -507.9508 -98.3836 -67.2
238.4481 -501.5348 -102.0602 -66.9
272.3698 -501.1314 -108.8984 -66.8
304.6929 -488.1565 -118.0243 -66.4
-13.7819 -462.7611 -26.9954 -66.8
-26.7453 -480.6689 -86.1988 -67.6
-57.0408 -493.8851 -94.6024 -68.2
-99.0841 -501.2085 -62.0435 -68.4
-137.3646 -501.8097 -25.6934 -68.5
-186.5495 -509.5368 -6.3048 -68.9
-207.5633 -525.6646 19.9059 -69.4
-204.8259 -513.1404 23.5037 -69.1
-44.0549 -493.403 -120.4104 -68.3
-64.4749 -507.0374 -142.4823 -69
-90.6623 -517.8075 -159.5892 -69.6
-114.4668 -527.5433 -180.4247 -70
-52.3094 -366.492 11.5812 -65.4
-93.1488 -388.9278 -6.4021 -65.6
-133.6432 -399.5097 -29.8004 -65.8
-172.7578 -418.0309 -55.3672 -66.2
-219.3841 -453.5918 -61.928 -66.5
-249.7823 -482.3352 -68.8045 -66.9
-289.4613 -507.6201 -78.4551 -67.2
-331.0752 -532.3211 -74.7433 -67.4
-367.8554 -560.591 -87.8123 -67.6
-414.0515 -574.4926 -92.6769 -67.4
-454.5744 -592.2167 -86.2433 -67.5
-447.4262 -585.8733 -102.4367 -67.1
-467.1266 -582.8686 -102.6309 -66.8
-475.465 -605.0909 -106.1498 -67.1
-511.8333 -629.5674 -112.1223 -67.2
-544.1851 -652.5671 -134.0901 -67.2
-579.3966 -678.1011 -146.5297 -67.3
-619.0449 -699.1553 -153.856 -67.3
-657.6654 -719.6126 -166.3837 -67.2
-692.2622 -746.823 -175.5008 -67.4
-729.2472 -773.0758 -176.7507 -67.5
-767.2354 -797.3876 -182.3954 -67.6
-805.1527 -821.9227 -187.7704 -67.8
-841.5468 -849.102 -188.3932 -68
-878.226 -875.7111 -186.853 -68.3
-908.6032 -908.5073 -195.0224 -68.7
-944.3398 -935.0067 -203.3044 -68.9
-968.8717 -965.2873 -206.7454 -69.5
-984.0849 -965.6803 -212.4665 -68.7
-1012.8614 -980.6655 -221.1765 -68.8
-1040.7956 -996.3828 -231.3246 -69
-1069.1706 -1011.0872 -241.7549 -69.2
-1094.973 -1031.7519 -247.5645 -69.7
-1122.4965 -1050.8031 -250.5442 -70.3
-1150.4701 -1069.4134 -251.7164 -70.9
-1177.7937 -1088.5279 -255.913 -71.5
-1206.8992 -1105.2152 -258.0241 -72.2
-1237.293 -1119.3005 -259.0385 -72.7
-1268.6302 -1131.4251 -258.152 -73.2
-1300.1231 -1143.1629 -259.0669 -73.7
-1331.9851 -1153.8109 -258.456 -74.2
-1363.6916 -1164.6879 -256.521 -74.6
-977.3385 -958.1103 -227.3284 -68.6
-994.4885 -962.1798 -255.4357 -68.7
-1011.2019 -970.6841 -282.8977 -68.9
-233.1404 -462.083 -83.2954 -66.6
-234.8858 -462.3689 -116.6329 -66.7
-238.6146 -467.5537 -149.5232 -67
-241.8773 -473.6723 -182.3165 -67.3
-243.9562 -480.173 -215.1331 -67.7
-246.991 -486.5036 -247.8893 -68
-252.4195 -488.4165 -280.8454 -68.2
-259.0018 -486.6047 -313.6624 -68.2
-265.4877 -484.4936 -346.4814 -68.1
-272.1719 -482.2445 -379.2489 -68.1
-185.8055 -441.5609 -81.0811 -67.1
-179.7017 -456.8915 -118.1817 -68.2
-158.6665 -485.3255 -133.7869 -69.3
15.3144 -334.2242 12.0303 -65.2
72.1607 -351.9972 12.5509 -65.4
113.3148 -370.0233 11.1801 -65.8
152.3907 -389.6141 21.9818 -66.2
194.0434 -403.3855 22.5255 -66.5
236.4555 -414.7396 19.5057 -66.8
276.2928 -433.9997 28.1098 -67.2
316.5074 -454.1623 26.8949 -67.8
334.3399 -474.3665 11.8735 -68.6
321.6477 -496.1224 -12.5854 -69.4
382.1366 -480.4855 23.7361 -69
419.5528 -503.9403 34.2654 -69.7
452.116 -502.2305 44.7885 -69.4
481.623 -501.2186 62.3631 -69.1
503.8482 -499.0085 88.137 -68.8
529.1179 -497.0369 110.918 -68.5
559.4868 -496.8353 127.0218 -68.3
589.8498 -495.0496 142.9764 -68.1
621.3482 -489.3252 155.2378 -67.8
650.5956 -485.2651 171.5261 -67.5
675.3878 -479.12 194.4926 -67.2
416.9575 -514.72 26.6282 -70.5
444.8228 -534.953 21.8368 -71.6
473.1157 -554.522 16.8072 -72.7
499.2249 -576.1238 22.0103 -73.6
349.6716 -492.162 26.7903 -69.1
59.0439 -345.8608 40.4568 -65.3
63.2059 -354.347 93.565 -65.5
66.6481 -354.453 147.4958 -65.6
61.4029 -362.4195 199.9305 -65.8
67.9642 -360.7845 237.8684 -65.6
92.6685 -336.1494 254.8579 -64.8
52.1984 -369.8551 239.7036 -66
41.253 -367.5678 258.8935 -66.1
55.5908 -373.2717 276.4989 -66.3
58.808 -385.8671 321.5771 -66.8
64.856 -405.0203 365.3922 -67.4
66.4507 -411.998 413.3282 -67.7
66.0854 -422.9589 460.4087 -67.9
76.827 -431.2179 506.531 -67.9
82.4499 -434.7154 554.4265 -67.8
88.1391 -440.1135 602.2691 -67.6
98.1789 -440.3501 649.6475 -67.4
111.0372 -444.7939 695.5412 -67.3
120.8752 -455.7129 741.5027 -67.5
135.2381 -457.606 775.96 -67.6
127.996 -461.9894 772.6166 -67.8
132.3418 -469.7383 795.3516 -68
133.6828 -473.0105 826.672 -68
135.4512 -479.051 857.5961 -68.1
136.6034 -485.3113 888.5054 -68.3
136.8654 -491.3426 919.4834 -68.5
142.5349 -497.1952 949.8064 -68.7
151.0833 -501.2688 979.8776 -68.8
158.2017 -502.8846 1010.578 -68.9
166.0857 -503.0027 1041.136 -68.8
173.505 -505.3593 1071.6839 -68.9
180.1498 -507.5441 1102.4203 -68.9
185.808 -507.299 1133.4674 -68.8
190.0599 -506.1763 1164.6654 -68.6
193.296 -500.653 1195.5685 -68.3
196.0463 -496.471 1226.7216 -68
197.9042 -492.7589 1257.9154 -67.7
199.2178 -488.0659 1289.0949 -67.4
201.8918 -481.1353 1319.7663 -67
203.647 -476.0151 1350.7358 -66.8
116.0517 -480.489 793.2131 -68.6
94.7455 -498.6922 821.9378 -69.6
78.0029 -519.5272 851.9962 -70.4
56.8584 -79.1796 -25.3265 -65.9
69.8713 -50.2246 -28.8108 -64.5
79.3774 -20.0991 -23.5796 -63.1
87.9188 7.652 -9.3548 -61.8
102.4253 32.6626 4.3209 -60.9
86.7214 -76.8075 -35.1102 -66.4
111.8752 -74.781 -54.1802 -66.7
139.0093 -73.9742 -70.3726 -66.9
166.3433 -74.0848 -86.243 -67
192.3672 -68.2411 -102.2548 -66.8
212.9984 -56.6789 -123.0401 -66.4
234.8438 -48.2534 -144.1696 -66.1
258.4239 -44.272 -164.7146 -65.9
282.4122 -43.7308 -185.3142 -65.7
306.6551 -39.3126 -205.1188 -65.5
329.0699 -33.8209 -226.7709 -65.3
350.0541 -32.5083 -250.4277 -65.2
371.3133 -33.0241 -273.8747 -65.2
-5.3681 -96.2357 11.4681 -66.1
-6.5468 -121.0769 17.4061 -66.2
13.48 -79.9311 14.0353 -65.9
36.1809 -43.7702 -5.4612 -65.8
58.8473 -4.7525 -16.9904 -65.5
80.3871 36.7259 -13.0808 -65.1
91.7989 79.5835 -22.4556 -64.6
103.9717 116.3423 -46.2331 -64.2
138.1296 142.3588 -63.8574 -64
157.0987 178.2991 -74.6449 -63.1
154.3287 168.1885 -56.4213 -63.8
172.3793 194.684 -59.3232 -63.4
193.3573 218.8961 -54.6689 -63.1
214.6753 242.0999 -47.1478 -62.7
237.3472 263.0151 -37.6635 -62.5
262.6637 276.7621 -22.8427 -62.4
287.6006 291.8237 -8.6457 -62.2
315.3246 305.8581 0.3494 -62.2
343.2397 316.4484 12.6685 -62.2
371.5885 327.0318 23.5947 -62.2
403.0486 333.5642 25.8727 -62.3
434.4374 338.8987 31.8036 -62.4
465.4313 340.155 23.8686 -62.7
496.5725 339.2514 15.4683 -62.9
524.5537 342.0838 -0.545 -63
552.5481 345.3815 -16.4874 -63
583.5636 348.1218 -25.2049 -63
-7.6848 -145.3977 19.0936 -66.2
7.209 -151.997 35.414 -66
36.3391 -193.238 62.696 -66
69.1676 -231.8116 69.905 -66.4
41.7002 -242.5497 58.8248 -66.4
50.6257 -285.0357 50.6983 -67.4
64.1631 -325.1616 38.6275 -68.6
63.8289 -366.9241 24.0816 -70
55.5062 -426.8467 2.438 -71.6
37.9227 -412.7982 30.5343 -70.8
20.0041 -418.7113 -6.2536 -70.8
-9.4552 -414.1802 -16.3681 -70.5
58.9314 -456.7446 -5.7293 -73.1
63.4713 -486.0928 -15.3534 -74.7
68.3122 -514.4887 -27.3055 -76
69.6068 -542.0791 -41.2841 -76.9
55.953 -395.6003 32.254 -71.1
42.3921 -422.7181 38.9662 -72.1
28.7558 -449.4848 46.8585 -72.9
31.3633 -212.1093 88.2358 -66.9
19.3545 -228.1457 113.4665 -67.8
4.6533 -243.0324 138.08 -68.5
-0.2687 -257.7271 165.8142 -69
-69.3955 -181.6015 73.39 -67.2
-147.1606 -200.685 117.7011 -68.2
-225.1342 -219.9971 159.3221 -68.9
-235.8762 -197.3715 164.5237 -67.9
-251.5397 -177.31 168.2184 -66.7
-265.328 -158.0683 177.8361 -65.5
-278.8737 -139.0542 186.3457 -64.4
-269.6351 -122.0461 203.4279 -63.6
16.1579 -144.9342 68.1758 -65
50.9423 -144.7511 110.1952 -64.1
88.5445 -150.404 149.2781 -63.4
116.4386 -148.8943 189.3892 -63
141.179 -162.843 228.8521 -63.1
173.1553 -185.1452 257.9471 -63.7
202.2627 -214.309 284.0267 -64.7
221.3888 -252.6662 307.4997 -66.1
240.4009 -287.936 335.5198 -67.5
253.0582 -274.2233 374.2128 -67.1
237.5331 -301.4732 351.9462 -68.1
233.5172 -313.9345 369.0653 -68.7
240.3147 -331.1334 397.0644 -69.6
244.5029 -350.3078 424.443 -70.6
245.8464 -369.2899 452.2314 -71.6
245.4235 -387.138 480.8025 -72.6
246.4468 -406.1506 508.6004 -73.5
248.2812 -424.8438 536.5763 -74.4
256.3139 -444.6399 562.3458 -75
87.0249 -120.1014 184.2568 -62.5
-8.5043 -176.429 16.1066 -66.3
-10.0936 -207.326 12.4766 -66.5
10.9008 -164.3643 21.4051 -66.5
32.582 -120.572 29.6857 -66.4
56.8637 -78.7669 40.2982 -66.3
78.1061 -35.8775 52.7321 -66
102.9072 5.7069 63.2865 -65.5
129.576 45.5467 75.7455 -64.9
157.7472 51.7124 92.9104 -65.2
187.4382 57.8621 107.6017 -65.4
220.1046 61.3686 114.0398 -65.6
249.6365 61.6723 128.6911 -65.8
272.6387 63.1757 153.221 -65.8
293.5188 64.8718 179.6253 -65.8
315.6121 66.9429 204.9834 -65.8
341.9363 76.7059 219.5491 -65.5
373.1338 88.217 215.5093 -65.2
144.5531 95.3971 76.932 -63.2
162.2212 137.8871 75.6078 -61.1
178.5096 180.4715 81.478 -58.9
197.1033 207.7141 81.1376 -57.7
216.3963 234.5276 79.2266 -56.7
236.2429 260.7962 76.0889 -55.8
173.6598 242.0511 91.9132 -57
0.3462 -198.8201 78.5431 -67
-9.5032 -230.0878 20.5056 -65.9
-7.042 -250.9952 22.3431 -65.7
-4.3249 -271.7367 19.3036 -65.5
28.8605 -291.3023 -11.805 -65.7
55.1026 -316.6335 -45.9754 -66.2
78.6332 -339.7812 -83.8396 -66.8
103.7519 -374.8517 -105.9198 -67.9
135.9434 -407.96 -123.4818 -68.9
172.8702 -425.8151 -152.1611 -69.7
220.7345 -472.3049 -178.1181 -71.5
243.8607 -501.2929 -185.6975 -72.7
264.1564 -529.0132 -202.1007 -73.6
193.9516 -423.9782 -181.2427 -69.6
-4.9696 -296.3 20.637 -65.4
39.5246 -308.332 19.2794 -65
81.9011 -325.0464 9.4618 -64.9
121.7646 -346.778 -1.0553 -65.1
142.2689 -357.5987 -8.9021 -65.1
186.4429 -388.003 -17.1008 -65.4
231.5074 -420.5887 -35.6968 -65.6
264.5241 -465.0076 -51.9134 -66.1
282.9648 -471.351 -60.7801 -65.8
302.5107 -478.8256 -65.4143 -65.6
322.4577 -492.8883 -86.4262 -65.8
342.5444 -505.2577 -108.5111 -66
367.2894 -513.4022 -127.169 -66.2
395.8972 -520.7654 -140.2633 -66.4
421.6593 -533.6833 -154.419 -66.8
443.3664 -553.6071 -167.6994 -67.4
466.2261 -571.464 -181.9353 -68.1
489.7335 -587.0601 -197.6975 -68.8
513.6055 -601.2181 -214.1638 -69.4
534.3462 -615.6755 -234.2986 -70.1
554.8199 -630.185 -254.6782 -70.9
576.1771 -644.4781 -274.249 -71.6
597.9131 -660.0334 -292.4305 -72.4
620.7301 -676.6577 -308.1497 -73.2
646.1687 -693.9555 -317.8988 -73.9
669.5287 -708.1797 -334.9266 -74.4
337.0759 -512.0617 -80.9715 -65.8
364.0728 -527.4754 -80.6437 -65.9
362.1154 -555.1494 -66.2777 -66.5
390.6265 -545.9968 -78.3608 -65.9
416.7224 -565.3164 -77.7036 -65.9
442.8854 -584.5256 -78.9044 -66
468.3852 -604.3725 -82.1385 -66.1
492.9818 -625.3809 -85.0132 -66.3
514.478 -649.6906 -85.3231 -66.6
534.0782 -675.5829 -86.011 -67
553.2453 -701.7828 -86.8046 -67.4
573.7821 -726.7076 -84.0904 -67.7
596.7264 -749.6413 -82.5037 -68
619.9919 -772.2997 -81.895 -68.3
643.8112 -794.3457 -82.8724 -68.6
667.4758 -816.5607 -83.4196 -68.9
690.506 -839.4583 -83.7232 -69.2
714.433 -861.3104 -85.9032 -69.6
738.5487 -882.8557 -88.952 -70
762.5511 -904.4606 -92.4532 -70.4
785.9498 -926.9371 -93.425 -71
809.2473 -949.4391 -91.3033 -71.6
834.1673 -969.6754 -86.5197 -72.2
857.6992 -990.2042 -77.595 -72.9
880.7031 -1011.3191 -68.6544 -73.7
904.6832 -1032.0425 -61.6016 -74.5
930.6026 -1050.7877 -55.9712 -75.3
956.9302 -1067.7432 -47.4271 -76
984.0403 -1082.8487 -37.8429 -76.6
1011.7907 -1097.0718 -28.7444 -77.1
186.3356 -414.0535 -10.5821 -66
140.5669 -363.4909 -40.6684 -65.3
-19.0747 -324.0611 19.6471 -65.2
-30.4238 -356.4767 18.6939 -65.4
-14.1491 -454.167 11.2039 -66.5
-18.1458 -475.1837 25.9358 -66.8
-15.8693 -501.2535 28.1626 -67.2
-5.0557 -596.9734 24.5497 -69.2
-9.1504 -694.3667 32.8866 -71.6
-14.5417 -756.0932 42.4953 -73.8
-13.4685 -818.8332 39.5756 -75.8
-20.257 -877.8741 31.8938 -77.4
-65.319 -920.8568 26.4565 -78.1
-117.0726 -955.9554 27.1541 -78.4
-166.3429 -993.1758 33.88 -78.9
-208.5728 -1038.5168 42.8397 -80.1
-251.3743 -1083.9767 51.6558 -81.6
-300.0499 -1123.2184 48.3965 -82.8
18.1666 -721.3831 -1.9777 -71.3
41.7823 -754.7961 -34.1565 -71.2
64.4676 -788.1326 -67.2925 -71.4
85.2672 -823.2436 -99.6239 -71.9
106.5309 -860.4295 -128.4893 -72.7
128.8223 -888.0914 -165.9638 -73.5
153.288 -920.0406 -197.7194 -74.7
169.4427 -959.9763 -226.6427 -76.3
183.7729 -992.1639 -264.9946 -77.8
202.0931 -1027.2406 -299.0092 -78.9
33.8238 -506.1751 2.2427 -67.2
73.2184 -501.8416 -38.6982 -67.2
112.1261 -511.7019 -79.076 -67.7
151.0034 -504.2384 -90.0801 -67.3
185.7005 -511.7353 -95.2498 -67.4
221.0868 -504.475 -98.3547 -67.1
254.0768 -500.8669 -109.709 -66.9
289.7516 -496.9766 -112.2021 -66.6
320.1178 -482.6544 -126.2837 -66.2
-18.1696 -472.6958 -65.0714 -67.2
-34.9593 -487.9641 -107.7178 -68
-78.2457 -499.3658 -78.96 -68.3
-117.2489 -498.7281 -42.5261 -68.4
-160.9669 -506.3862 -13.6365 -68.7
-209.3699 -514.7097 6.7241 -69.1
-205.2772 -536.8763 33.1932 -69.7
-199.7242 -511.4611 40.487 -69
-53.5725 -500.6594 -131.8493 -68.7
-77.3615 -512.0209 -151.6074 -69.3
-102.7668 -523.1137 -169.5694 -69.8
-126.2622 -530.9685 -191.5108 -70.1
-74.7 -376.3405 4.9988 -65.5
-113.7211 -388.0927 -20.9036 -65.5
-153.8734 -409.3476 -41.0334 -66
-188.957 -435.0822 -62.4209 -66.7
-232.6712 -465.1773 -67.2168 -66.7
-268.5648 -495.5861 -76.8053 -67.1
-309.3396 -521.343 -75.3122 -67.4
-349.5325 -546.8832 -79.9864 -67.6
-390.7101 -567.8232 -91.2447 -67.5
-436.1469 -581.5643 -99.902 -67.2
-472.0967 -600.4897 -69.1709 -67.7
-458.8967 -590.0118 -104.4177 -67
-475.2453 -575.2238 -100.7167 -66.6
-493.6051 -618.6633 -104.556 -67.2
-528.649 -639.8295 -123.4642 -67.2
-560.5798 -666.259 -141.8212 -67.3
-599.1921 -688.7313 -150.0588 -67.3
-638.2394 -709.6395 -160.0574 -67.3
-676.8348 -731.171 -169.6921 -67.2
-710.1682 -760.715 -176.8015 -67.4
-748.4736 -784.8631 -179.5425 -67.6
-786.1223 -809.8238 -184.8375 -67.7
-823.4288 -835.3735 -189.0462 -67.9
-859.9452 -862.3984 -186.9967 -68.1
-893.1122 -892.5208 -190.41 -68.5
-925.5616 -922.5874 -200.5247 -68.8
-961.5046 -949.05 -198.8059 -69.1
-975.4633 -981.9125 -214.9986 -70
-998.741 -972.8788 -216.435 -68.7
-1026.7588 -988.6865 -226.1923 -68.9
-1055.0004 -1003.7216 -236.5212 -69.1
-1082.173 -1021.1799 -245.0267 -69.5
-1108.4663 -1041.6519 -249.1216 -70
-1136.5458 -1060.011 -251.2134 -70.6
-1164.1057 -1079.0049 -253.8123 -71.2
-1192.3123 -1096.9315 -256.916 -71.9
-1221.6917 -1113.0682 -259.4371 -72.5
-1252.9866 -1125.2762 -258.2557 -73
-1284.3301 -1137.4183 -258.6171 -73.5
-1316.0521 -1148.534 -259.2814 -74
-1347.8365 -1159.2354 -257.0606 -74.4
-1379.4232 -1169.7373 -259.5577 -74.7
-986.0691 -959.1098 -241.4347 -68.6
-1002.841 -966.2173 -269.237 -68.8
-1019.1279 -976.1049 -296.4731 -69
-233.5582 -461.234 -99.965 -66.7
-236.9073 -464.5206 -133.1296 -66.9
-240.3531 -470.6881 -165.8955 -67.2
-243.0071 -476.795 -198.7443 -67.5
-245.1272 -483.6722 -231.4819 -67.9
-249.4561 -488.3334 -264.3551 -68.1
-255.6366 -487.6 -297.2737 -68.2
-262.3343 -485.5748 -330.0559 -68.2
-268.6647 -483.4066 -362.902 -68.1
-276.3908 -481.2987 -395.4413 -68.1
-182.7473 -448.2197 -100.0678 -67.6
-171.6134 -470.0368 -130.6157 -68.7
-145.171 -500.3591 -132.8911 -69.7
51.0362 -344.326 14.5063 -65.3
92.9266 -360.494 10.1363 -65.6
133.2991 -379.4519 15.5435 -66
172.4944 -398.3107 26.5748 -66.4
215.5481 -407.5019 17.1146 -66.6
256.2816 -424.1041 24.8373 -67
296.0502 -444.8609 28.8229 -67.5
337.8948 -460.3726 23.4534 -68
327.9936 -485.2444 -0.3559 -69
315.8689 -507.27 -24.8493 -69.7
403.5532 -503.8846 28.6131 -69.9
436.0628 -503.0836 39.0621 -69.6
466.3982 -501.9327 54.378 -69.3
494.1028 -499.8234 73.9759 -69
515.0966 -498.4294 101.1056 -68.7
544.177 -496.1419 119.197 -68.4
574.879 -496.2206 134.6771 -68.2
605.3081 -492.632 149.9423 -67.9
637.5745 -487.7325 160.7403 -67.6
662.3287 -482.2499 183.7568 -67.4
691.0383 -476.3324 200.9617 -67.2
430.8235 -524.9365 24.2675 -71.1
458.8827 -544.843 19.2403 -72.2
486.9723 -564.7834 17.2334 -73.2
509.1173 -587.5274 30.4849 -73.9
341.794 -517.2265 32.208 -69.8
62.7731 -352.3235 66.5294 -65.5
65.2677 -351.0561 120.6665 -65.5
67.925 -362.6689 173.3359 -65.8
54.951 -367.5681 225.9833 -65.9
80.2944 -348.6388 246.6423 -65.2
105.9556 -325.0225 263.2698 -64.5
49.2659 -371.4846 253.494 -66.1
32.951 -363.4367 264.0462 -66
59.3898 -375.0352 299.932 -66.5
61.2889 -397.3957 342.7266 -67.2
66.0432 -408.7942 389.3006 -67.6
66.5151 -417.9125 436.782 -67.8
71.461 -428.3394 483.2088 -67.9
80.0183 -431.4835 530.5382 -67.8
85.5696 -437.1943 578.3423 -67.7
92.9397 -441.2007 625.9926 -67.5
102.4893 -439.7682 673.4367 -67.2
117.5956 -451.1246 717.9836 -67.4
127.0131 -452.7144 764.5198 -67.5
143.9723 -462.6864 787.0848 -67.7
128.757 -471.8458 780.5286 -68.1
133.1908 -470.8224 811.0534 -68
134.5398 -475.9174 842.1566 -68.1
136.2045 -482.2711 873.026 -68.2
136.7881 -488.2705 904.0051 -68.4
138.445 -494.1288 934.8838 -68.6
146.826 -499.7322 964.7629 -68.8
154.7601 -502.2478 995.1914 -68.8
162.0069 -503.0379 1025.8919 -68.9
170.0899 -503.5334 1056.3865 -68.8
177.0336 -507.0516 1086.9689 -68.9
183.0347 -507.3053 1117.9325 -68.8
188.1506 -507.4286 1149.0722 -68.7
191.6747 -503.418 1180.1175 -68.4
194.8766 -498.3345 1211.0959 -68.1
197.0701 -494.6752 1242.32 -67.8
198.546 -490.5706 1273.5296 -67.5
200.4582 -484.6698 1304.4535 -67.2
203.4246 -477.5821 1335.0652 -66.9
202.5372 -476.1066 1366.4709 -66.8
104.4001 -488.8622 807.2929 -69.1
86.125 -509.0248 836.8888 -70
70.8716 -530.8136 867.0396 -70.8
-8.6282 -146.3885 19.9073 -66.1
39.8837 -196.283 62.0424 -65.7
52.2124 -425.2878 2.9661 -71.3
-440.5964 -287.1647 305.3876 -70.2
235.3041 -319.4888 373.425 -68.9
143.947 96.9675 76.7385 -63.1
-10.0227 -208.9655 13.8689 -66.4
48.0567 -167.6382 104.9444 -68.8
95.5474 -135.2582 131.1674 -69.1
192.3129 -154.7863 195.9653 -70
108.7205 -166.6407 279.651 -70.3
226.3214 -471.8972 -176.8742 -71.5
339.443 -514.353 -81.3239 -65.9
263.355 -469.6279 -53.4812 -66.3
126.1406 -345.3651 -2.7074 -65
150.355 -504.894 -90.5774 -67.3
116.5195 -519.7495 -80.4013 -68.1
-18.4192 -477.039 -64.1431 -67.3
-196.344 -440.2891 -61.529 -66.5
-965.7787 -953.8703 -205.8525 -68.8
-202.891 -446.1893 -62.819 -66.4
339.3725 -462.3025 23.7538 -68.1
343.9525 -465.5827 21.2048 -68.2
346.0706 -463.4172 24.2043 -68
