-0.5143 0.2242 0 41.3
-4.4312 -39.3674 4.5339 26.4
6.7788 -5.698 -4.0072 34.6
19.1485 -9.799 -15.9391 -3.5
28.2151 -9.78 -33.8403 -42.6
78.4066 9.9541 -47.6674 -61.6
30.943 2.7017 -73.035 -59.8
29.3403 -71.6143 -75.1648 -63.1
17.2953 -4.5854 -9.3879 0.3
35.6496 -12.2658 -18.4505 -33.8
79.3107 -93.1531 -10.0243 -64.6
110.4144 -37.7801 -37.1511 -64.2
164.1985 -42.6564 -49.5181 -65.8
170.2701 -41.3309 -54.8127 -65.9
39.2305 -3.6629 -8.6748 -31.4
81.5874 -41.1669 -6.6347 -63.3
112.4803 -71.2789 -17.0171 -65.6
138.6075 -96.2475 -11.89 -65.8
94.3922 -4.2956 7.9412 -58.7
145.7956 11.8377 24.7844 -65.7
171.9213 -25.1618 96.0642 -65.9
10.5045 -22.5513 19.5028 11.2
19.1579 -51.3163 61.3027 -55.9
22.4431 -37.0588 27.383 -43.8
67.5453 -3.3506 49.0151 -62.6
122.2689 1.7669 70.712 -65.8
155.3981 2.5625 92.5151 -65.9
144.8086 1.1286 86.0144 -65.9
113.0764 8.7784 58.2629 -65.6
85.646 -137.1338 29.7742 -65.4
-11.2366 -10.0169 -4.0808 20.5
-39.0387 25.3598 -39.6132 -48.3
-23.3374 -21.3299 -15.2892 -14
-66.9865 -27.3048 -33.5061 -53.6
-110.2683 -23.1316 -48.2855 -64.3
-158.3186 -26.6235 -63.2914 -65.8
-132.5421 -18.347 -60.5459 -65.3
-107.5945 -42.105 -45.289 -64
-33.0795 -32.8287 -18.8379 -29.7
-52.1012 -45.2955 -24.7197 -48.8
-116.9018 -65.7102 -95.6127 -65.6
-84.854 -94.7618 -50.8843 -64.2
-21.9693 -57.0318 -20.3153 -50.5
-8.1295 -130.6103 -6.2861 -64.9
-4.0017 -125.2104 -21.7117 -64.8
-11.6499 -7.4541 11.5885 22.6
-18.1526 -9.7232 19.718 -5.3
-15.7757 10.5302 24.917 -50.6
-14.4741 61.4145 17.5417 -63.9
-7.6206 134.3487 1.0474 -65.9
-7.3209 144.9242 -3.0519 -65.9
-22.8489 68.7391 19.1769 -64.4
-46.9907 126.3921 19.6733 -65.8
-39.6877 117.8155 20.9513 -65.8
-15.784 -10.2761 23.303 -22.1
4.9275 20.8752 28.7643 -54.5
83.2141 78.3095 79.6665 -65.8
45.0665 97.1683 64.9132 -65.7
1.3489 -79.5121 13.6566 -59.9
8.3623 -147.4459 6.6359 -65.6
10.064 -152.7343 4.5593 -65.6
-26.5325 -11.4508 21.7057 -10.5
-58.3742 12.7161 28.8758 -52.1
-82.5674 33.598 35.542 -63.3
-87.1454 35.6896 34.7072 -64
-107.1531 44.9571 36.5205 -65
-101.7536 42.5783 35.9973 -64.8
-89.7154 -67.1763 42.3395 -62.8
0.3426 18.4829 2.1245 28.8
-7.5803 32.7843 20.1268 -14.3
-0.0193 54.2944 44.7091 -55.9
49.8325 99.4419 67.6464 -65
40.8975 105.2296 63.1935 -64.9
-13.806 87.5312 43.8134 -58.4
6.0272 35.5328 -2.8961 5
22.0932 63.0117 -36.5668 -40.4
61.8152 81.9506 -98.4625 -64.6
65.0216 126.9886 -57.7363 -64.1
8.8668 70.74 2.8706 -36.2
-72.9081 145.7389 26.014 -64.8
4.3061 118.9 8.3743 -56.9
-43.5278 105.257 39.6291 -64.9
3.2321 168.79 17.7415 -62.7
1.0511 216.5674 23.9248 -65.2
-51.3565 293.7701 39.0875 -65.9
-6.3856 293.3361 -34.0685 -65.9
9.8394 215.428 25.7752 -65.2
14.4793 228.881 26.7749 -65.6
-18.765 299.232 75.1323 -65.9
51.3313 331.215 59.143 -65.9
68.3031 308.2964 -11.5635 -65.9
25.6244 -75.4824 -12.1621 24.6
64.1195 -65.2725 -27.2562 29
74.7902 -34.8355 -28.4253 29.8
83.6554 -5.9466 -17.0381 30.3
93.4611 21.096 -2.2809 30.5
72.1059 -78.505 -29.41 29.3
99.1969 -75.4609 -44.7206 30.9
125.042 -74.1452 -62.9382 32.2
153.0294 -74.1745 -77.7198 33.3
179.5948 -73.3059 -94.8459 34.3
202.542 -61.6985 -112.2753 35.2
223.7727 -51.2441 -133.2633 36
246.4009 -45.112 -154.5242 36.7
270.1227 -44.4804 -175.3758 37.4
294.9646 -41.9333 -194.7907 37.9
318.0084 -36.2182 -215.7098 38.3
339.5563 -32.7273 -238.5777 38.6
360.4799 -32.7623 -262.3416 38.7
-4.1268 -83.9397 8.1251 20.7
-6.2417 -108.5189 14.9773 20.1
2.353 -100.4064 16.4359 20.8
25.1172 -61.7554 4.8392 23.4
47.4313 -24.9787 -13.8597 25.5
69.8015 15.9929 -16.2146 27.5
89.6354 58.1668 -13.2955 29.4
93.2334 99.4681 -34.811 31.2
120.8107 131.1438 -53.0647 33
147.9985 160.4177 -68.0419 33.9
146.3902 154.3172 -57.6414 34.3
162.713 181.714 -59.2761 35.4
182.6949 207.0616 -57.6328 36.4
204.0476 230.6066 -51.3309 37.3
225.423 253.4614 -42.9144 38.3
250.0473 269.7621 -30.216 39.1
275.1213 284.1931 -15.6192 39.9
301.026 299.3761 -3.6443 40.7
329.6277 311.493 5.4352 41.4
357.0569 321.1704 19.638 42.1
387.0017 331.6952 24.715 42.6
418.8659 335.8799 28.4946 43.1
450.1405 340.0953 29.2328 43.6
480.9324 339.5789 19.3138 43.9
510.7775 340.4886 7.8312 44.2
538.3343 343.9227 -8.8683 44.4
567.9172 346.3559 -21.4297 44.5
-7.0976 -133.2352 18.2708 18.7
-1.6619 -149.4294 28.2523 19.7
23.8238 -170.9652 48.9904 22
56.0317 -215.1409 65.6463 23.5
41.1683 -220.4825 60.3833 24.8
44.9588 -264.0728 54.9034 29
58.5844 -305.1146 45.977 31.8
64.7229 -345.9605 31.1527 34
60.3837 -396.8143 12.7754 35
43.5522 -418.1128 16.8703 35.4
34.7332 -421.0248 -1.2153 35.7
5.2752 -416.3969 -11.292 37.2
56.671 -441.887 -1.4897 35.9
61.2911 -471.5182 -10.1937 37.4
65.5687 -500.5535 -20.8556 38.2
70.4797 -528.131 -34.3201 38.5
60.8551 -381.2745 28.7681 35.1
49.705 -409.4421 35.5327 35.5
35.5312 -436.1667 42.6458 35.7
34.0502 -202.8322 75.3118 23.4
26.3231 -220.5213 101.0537 25.6
11.9898 -235.7227 125.6841 26.7
0.2439 -250.759 151.4536 27.2
-31.2273 -168.3997 52.4218 23.7
-108.2342 -189.1577 95.6982 26
-188.0048 -210.9338 134.6891 27.2
-230.3857 -208.8351 162.3649 28.1
-243.0342 -186.87 166.3612 29.4
-258.0124 -166.7175 171.5552 30.3
-272.9592 -149.1981 183.3744 31
-274.6194 -130.1281 194.6428 31.5
3.8006 -145.7792 43.8704 19.9
32.8952 -145.8327 89.7345 23
69.8082 -147.0028 129.7002 25.6
103.0814 -149.031 168.8935 27.8
127.8761 -154.2462 210.2117 29.7
156.5561 -172.6844 244.9922 31.5
189.043 -198.6011 270.7896 33.4
212.6171 -232.8283 296.1704 35.2
230.7946 -270.8997 320.8166 36.9
246.7558 -281.3254 354.8028 37.8
239.213 -294.9701 343.5114 37.7
235.9039 -307.8214 360.5098 37.5
237.2466 -321.7292 383.4282 38.3
242.7684 -340.6759 410.7299 40.1
245.5502 -359.8931 438.2579 41.1
245.4395 -378.209 466.5182 41.8
245.7898 -396.614 494.7258 42.2
247.2704 -415.5627 522.5512 42.4
251.1563 -434.1187 550.2716 42.6
87.5934 -135.6219 166.9099 26.8
-7.9626 -160.9634 18.1345 16.1
-9.7733 -191.7909 13.6443 12.8
0.3111 -186.3106 16.896 12.6
21.8196 -142.5242 25.6371 15.9
44.4553 -99.2652 34.0221 18.7
67.7687 -57.8155 47.7439 21.4
90.3573 -14.932 57.7556 24
115.8272 25.7375 70.039 26.5
143.4116 48.7977 84.549 28.5
172.4181 54.8301 100.5883 29.9
203.409 59.9864 112.3494 31
236.16 61.1688 118.6348 32
261.6991 62.4791 140.4317 32.8
283.044 64.0298 166.4499 33.4
304.3076 65.7583 192.5407 34
327.7875 68.916 216.3702 34.3
357.0815 83.717 217.9472 34.5
136.8173 70.5974 74.0747 27.3
153.5207 116.4975 75.0643 28.5
170.7761 159.3158 76.6623 31.5
187.457 194.3073 82.0931 33
206.7498 221.1209 80.1821 33.5
226.1796 247.7997 77.9679 33.8
176.4126 211.288 86.5377 32.9
-3.6015 -208.206 47.1657 11.4
-10.1452 -219.7776 18.1593 10
-8.2748 -240.4819 22.1215 9.5
-5.6706 -261.4459 21.3399 8.8
12.6428 -282.9749 5.4726 9.3
43.5053 -303.0178 -28.352 11.1
66.7702 -328.3479 -64.8831 13
91.0543 -354.4813 -99.7774 14.8
119.5917 -392.6253 -112.2357 16.7
154.0592 -418.3877 -137.2856 18.2
197.7758 -451.4113 -159.2027 18.2
232.7956 -486.7495 -180.5366 18.8
254.0974 -515.4037 -193.3683 21
183.453 -424.9935 -166.6424 19
-4.6221 -284.0175 19.9372 8
17.1422 -302.2191 21.7009 8
60.9283 -315.6499 13.3932 9.1
102.2844 -335.8201 5.7516 9.4
132.0095 -352.205 -4.9724 10.9
165.1007 -370.8341 -10.3799 15.4
207.761 -406.1044 -26.4379 19.4
251.1543 -440.6604 -42.9178 21.5
273.4766 -468.1064 -56.923 23.6
292.5627 -475.054 -63.9122 26.8
312.4409 -485.9257 -75.8281 29.3
332.3744 -499.2912 -97.468 31.3
353.7785 -510.0801 -119.0475 32.8
381.7722 -516.6724 -133.5571 34.1
409.4647 -525.8016 -147.4386 35.1
432.323 -543.8546 -161.0531 36.1
454.644 -562.8949 -174.611 37
477.8752 -579.5127 -189.7293 37.9
502.1223 -594.1413 -205.2903 38.6
524.1723 -608.4308 -224.0378 39.3
544.5793 -622.9915 -244.4499 40
565.2014 -637.1232 -264.9423 40.5
587.0492 -652.1838 -283.3969 40.9
609.1832 -668.2113 -300.631 41.3
633.097 -685.6538 -313.3593 41.5
658.1782 -701.4179 -325.6514 41.6
319.2435 -498.3447 -68.6098 28.3
350.5635 -519.6716 -80.9899 30.1
363.329 -541.2188 -73.5693 32.5
377.6396 -536.302 -79.4062 33.2
403.6501 -555.6821 -77.7388 35
429.8839 -574.8258 -78.0953 36.3
455.8147 -594.2535 -80.311 37.4
480.7714 -614.7383 -83.8427 38.4
504.166 -637.1489 -85.2008 39.2
524.3617 -662.576 -85.5657 40.1
543.6669 -688.6738 -86.712 40.8
562.8628 -714.7519 -85.2813 41.5
585.1318 -738.2876 -83.1677 42.2
608.3597 -760.9646 -82.0025 42.8
631.7525 -783.4973 -82.0543 43.4
655.8252 -805.2522 -83.5156 44
678.947 -828.0581 -83.3008 44.5
702.3404 -850.5409 -84.6503 45
726.5715 -872.0004 -87.3768 45.5
750.536 -893.6669 -90.7481 45.9
774.4262 -915.492 -93.3899 46.3
797.3518 -938.4801 -92.7073 46.6
821.626 -959.7488 -89.2821 46.9
845.9883 -979.9587 -82.252 47.2
869.2595 -1000.6513 -73.0157 47.4
892.4524 -1021.886 -64.9117 47.6
917.5375 -1041.5626 -58.7896 47.8
943.6966 -1059.5773 -52.1075 47.9
970.401 -1075.4017 -42.5653 48
997.8819 -1089.9603 -33.1914 48
186.5951 -400.934 -13.9162 18
141.6443 -360.6112 -24.62 13.4
-12.0539 -310.1158 19.9125 6.6
-24.7203 -340.2804 19.4352 4.9
-15.8305 -403.6112 7.0705 0.6
-16.8044 -463.7269 19.7165 -3.4
-17.3571 -488.1429 27.9007 -4.7
-7.2428 -548.5034 27.0794 -7.1
-4.795 -645.8628 26.5688 -10.7
-13.1553 -724.793 39.8404 -13.4
-16.5898 -787.595 41.4238 -15.2
-9.285 -849.7212 36.1167 -16.6
-43.0853 -898.4838 25.6423 -19.2
-90.1737 -939.713 29.9962 -21.5
-143.3404 -973.3462 26.1757 -23.3
-186.2709 -1016.3537 41.728 -24.6
-230.5438 -1060.9874 45.7729 -25.7
-275.3874 -1104.0982 52.8828 -26.5
4.3255 -707.7788 15.4803 -12.3
30.7496 -737.0377 -18.555 -11.7
53.7547 -771.2708 -50.4906 -10.8
74.8179 -806.6932 -82.4469 -9.8
96.4422 -839.6048 -116.6022 -8.8
117.2231 -876.1878 -145.8261 -7.9
140.5487 -901.1254 -185.2545 -7.1
163.3143 -940.0777 -210.9211 -6.4
176.0251 -977.2482 -245.0324 -6
192.3802 -1010.1799 -281.803 -5.8
9.7673 -505.5213 17.3371 -4.7
54.6178 -503.2491 -17.0849 -3.5
92.519 -505.1757 -59.3849 -3
131.5874 -506.8916 -83.6162 -2.4
167.8841 -510.5079 -91.3102 0.1
203.1085 -507.9508 -98.3836 2.8
238.4481 -501.5348 -102.0602 4.4
272.3698 -501.1314 -108.8984 5.3
304.6929 -488.1565 -118.0243 5.7
-13.7819 -462.7611 -26.9954 -3.6
-26.7453 -480.6689 -86.1988 -2.3
-57.0408 -493.8851 -94.6024 1.8
-99.0841 -501.2085 -62.0435 4
-137.3646 -501.8097 -25.6934 5.5
-186.5495 -509.5368 -6.3048 6.6
-207.5633 -525.6646 19.9059 7
-204.8259 -513.1404 23.5037 7
-44.0549 -493.403 -120.4104 1.2
-64.4749 -507.0374 -142.4823 2.1
-90.6623 -517.8075 -159.5892 2.6
-114.4668 -527.5433 -180.4247 2.9
-52.3094 -366.492 11.5812 4.4
-93.1488 -388.9278 -6.4021 6.1
-133.6432 -399.5097 -29.8004 8.1
-172.7578 -418.0309 -55.3672 9.6
-219.3841 -453.5918 -61.928 13.9
-249.7823 -482.3352 -68.8045 20.2
-289.4613 -507.6201 -78.4551 23.6
-331.0752 -532.3211 -74.7433 26.2
-367.8554 -560.591 -87.8123 28.5
-414.0515 -574.4926 -92.6769 30.6
-454.5744 -592.2167 -86.2433 31.6
-447.4262 -585.8733 -102.4367 32
-467.1266 -582.8686 -102.6309 32.5
-475.465 -605.0909 -106.1498 33.2
-511.8333 -629.5674 -112.1223 34.7
-544.1851 -652.5671 -134.0901 36.1
-579.3966 -678.1011 -146.5297 37.4
-619.0449 -699.1553 -153.856 38.6
-657.6654 -719.6126 -166.3837 39.7
-692.2622 -746.823 -175.5008 40.8
-729.2472 -773.0758 -176.7507 41.8
-767.2354 -797.3876 -182.3954 42.7
-805.1527 -821.9227 -187.7704 43.6
-841.5468 -849.102 -188.3932 44.5
-878.226 -875.7111 -186.853 45.4
-908.6032 -908.5073 -195.0224 46.2
-944.3398 -935.0067 -203.3044 46.8
-968.8717 -965.2873 -206.7454 47.2
-984.0849 -965.6803 -212.4665 47.8
-1012.8614 -980.6655 -221.1765 48.4
-1040.7956 -996.3828 -231.3246 48.7
-1069.1706 -1011.0872 -241.7549 48.9
-1094.973 -1031.7519 -247.5645 49.1
-1122.4965 -1050.8031 -250.5442 49.2
-1150.4701 -1069.4134 -251.7164 49.3
-1177.7937 -1088.5279 -255.913 49.4
-1206.8992 -1105.2152 -258.0241 49.5
-1237.293 -1119.3005 -259.0385 49.6
-1268.6302 -1131.4251 -258.152 49.6
-1300.1231 -1143.1629 -259.0669 49.6
-1331.9851 -1153.8109 -258.456 49.7
-1363.6916 -1164.6879 -256.521 49.7
-977.3385 -958.1103 -227.3284 47.7
-994.4885 -962.1798 -255.4357 48.2
-1011.2019 -970.6841 -282.8977 48.3
-233.1404 -462.083 -83.2954 19.6
-234.8858 -462.3689 -116.6329 22
-238.6146 -467.5537 -149.5232 23.7
-241.8773 -473.6723 -182.3165 25.1
-243.9562 -480.173 -215.1331 26.3
-246.991 -486.5036 -247.8893 27.2
-252.4195 -488.4165 -280.8454 28
-259.0018 -486.6047 -313.6624 28.5
-265.4877 -484.4936 -346.4814 29
-272.1719 -482.2445 -379.2489 29.2
-185.8055 -441.5609 -81.0811 11.4
-179.7017 -456.8915 -118.1817 13.6
-158.6665 -485.3255 -133.7869 14.5
15.3144 -334.2242 12.0303 8
72.1607 -351.9972 12.5509 11
113.3148 -370.0233 11.1801 12.5
152.3907 -389.6141 21.9818 14.4
194.0434 -403.3855 22.5255 16.4
236.4555 -414.7396 19.5057 18.6
276.2928 -433.9997 28.1098 20.6
316.5074 -454.1623 26.8949 21.4
334.3399 -474.3665 11.8735 22.7
321.6477 -496.1224 -12.5854 25.4
382.1366 -480.4855 23.7361 28.8
419.5528 -503.9403 34.2654 33.7
452.116 -502.2305 44.7885 35.3
481.623 -501.2186 62.3631 36.5
503.8482 -499.0085 88.137 37.5
529.1179 -497.0369 110.918 38.3
559.4868 -496.8353 127.0218 38.9
589.8498 -495.0496 142.9764 39.5
621.3482 -489.3252 155.2378 39.9
650.5956 -485.2651 171.5261 40.2
675.3878 -479.12 194.4926 40.3
416.9575 -514.72 26.6282 33.4
444.8228 -534.953 21.8368 34.3
473.1157 -554.522 16.8072 34.9
499.2249 -576.1238 22.0103 35.1
349.6716 -492.162 26.7903 26.3
59.0439 -345.8608 40.4568 11.3
63.2059 -354.347 93.565 13.3
66.6481 -354.453 147.4958 15.6
61.4029 -362.4195 199.9305 18
67.9642 -360.7845 237.8684 19.3
92.6685 -336.1494 254.8579 19.4
52.1984 -369.8551 239.7036 19.8
41.253 -367.5678 258.8935 20.3
55.5908 -373.2717 276.4989 21.3
58.808 -385.8671 321.5771 23.2
64.856 -405.0203 365.3922 25.1
66.4507 -411.998 413.3282 26.9
66.0854 -422.9589 460.4087 28.6
76.827 -431.2179 506.531 30.3
82.4499 -434.7154 554.4265 32.1
88.1391 -440.1135 602.2691 33.8
98.1789 -440.3501 649.6475 35.5
111.0372 -444.7939 695.5412 37.2
120.8752 -455.7129 741.5027 38.9
135.2381 -457.606 775.96 39.7
127.996 -461.9894 772.6166 40.1
132.3418 -469.7383 795.3516 40.9
133.6828 -473.0105 826.672 41.6
135.4512 -479.051 857.5961 42.3
136.6034 -485.3113 888.5054 42.9
136.8654 -491.3426 919.4834 43.5
142.5349 -497.1952 949.8064 44.1
151.0833 -501.2688 979.8776 44.6
158.2017 -502.8846 1010.578 45.1
166.0857 -503.0027 1041.136 45.6
173.505 -505.3593 1071.6839 46
180.1498 -507.5441 1102.4203 46.3
185.808 -507.299 1133.4674 46.7
190.0599 -506.1763 1164.6654 47
193.296 -500.653 1195.5685 47.2
196.0463 -496.471 1226.7216 47.4
197.9042 -492.7589 1257.9154 47.6
199.2178 -488.0659 1289.0949 47.7
201.8918 -481.1353 1319.7663 47.8
203.647 -476.0151 1350.7358 47.9
116.0517 -480.489 793.2131 40.7
94.7455 -498.6922 821.9378 41
78.0029 -519.5272 851.9962 41.1
56.8584 -79.1796 -25.3265 28.4
69.8713 -50.2246 -28.8108 29.4
79.3774 -20.0991 -23.5796 30
87.9188 7.652 -9.3548 30.4
102.4253 32.6626 4.3209 30.5
86.7214 -76.8075 -35.1102 30.1
111.8752 -74.781 -54.1802 31.5
139.0093 -73.9742 -70.3726 32.7
166.3433 -74.0848 -86.243 33.8
192.3672 -68.2411 -102.2548 34.7
212.9984 -56.6789 -123.0401 35.6
234.8438 -48.2534 -144.1696 36.4
258.4239 -44.272 -164.7146 37
282.4122 -43.7308 -185.3142 37.6
306.6551 -39.3126 -205.1188 38.1
329.0699 -33.8209 -226.7709 38.4
350.0541 -32.5083 -250.4277 38.6
371.3133 -33.0241 -273.8747 38.7
-5.3681 -96.2357 11.4681 20.6
-6.5468 -121.0769 17.4061 19.6
13.48 -79.9311 14.0353 22.2
36.1809 -43.7702 -5.4612 24.4
58.8473 -4.7525 -16.9904 26.5
80.3871 36.7259 -13.0808 28.4
91.7989 79.5835 -22.4556 30.2
103.9717 116.3423 -46.2331 32.1
138.1296 142.3588 -63.8574 33.8
157.0987 178.2991 -74.6449 33.8
154.3287 168.1885 -56.4213 34.8
172.3793 194.684 -59.3232 35.9
193.3573 218.8961 -54.6689 36.8
214.6753 242.0999 -47.1478 37.8
237.3472 263.0151 -37.6635 38.7
262.6637 276.7621 -22.8427 39.5
287.6006 291.8237 -8.6457 40.3
315.3246 305.8581 0.3494 41
343.2397 316.4484 12.6685 41.7
371.5885 327.0318 23.5947 42.3
403.0486 333.5642 25.8727 42.9
434.4374 338.8987 31.8036 43.4
465.4313 340.155 23.8686 43.8
496.5725 339.2514 15.4683 44.1
524.5537 342.0838 -0.545 44.3
552.5481 345.3815 -16.4874 44.4
583.5636 348.1218 -25.2049 44.5
-7.6848 -145.3977 19.0936 17.7
7.209 -151.997 35.414 21.5
36.3391 -193.238 62.696 22.2
69.1676 -231.8116 69.905 24.6
41.7002 -242.5497 58.8248 27.3
50.6257 -285.0357 50.6983 30.6
64.1631 -325.1616 38.6275 33
63.8289 -366.9241 24.0816 34.8
55.5062 -426.8467 2.438 34.9
37.9227 -412.7982 30.5343 36.2
20.0041 -418.7113 -6.2536 36.7
-9.4552 -414.1802 -16.3681 37.5
58.9314 -456.7446 -5.7293 36.9
63.4713 -486.0928 -15.3534 37.9
68.3122 -514.4887 -27.3055 38.4
69.6068 -542.0791 -41.2841 38.6
55.953 -395.6003 32.254 35.4
42.3921 -422.7181 38.9662 35.6
28.7558 -449.4848 46.8585 35.7
31.3633 -212.1093 88.2358 24.8
19.3545 -228.1457 113.4665 26.2
4.6533 -243.0324 138.08 27
-0.2687 -257.7271 165.8142 27.2
-69.3955 -181.6015 73.39 25.1
-147.1606 -200.685 117.7011 26.7
-225.1342 -219.9971 159.3221 27.7
-235.8762 -197.3715 164.5237 28.8
-251.5397 -177.31 168.2184 29.9
-265.328 -158.0683 177.8361 30.7
-278.8737 -139.0542 186.3457 31.2
-269.6351 -122.0461 203.4279 31.5
16.1579 -144.9342 68.1758 21.6
50.9423 -144.7511 110.1952 24.3
88.5445 -150.404 149.2781 26.8
116.4386 -148.8943 189.3892 28.7
141.179 -162.843 228.8521 30.5
173.1553 -185.1452 257.9471 32.4
202.2627 -214.309 284.0267 34.2
221.3888 -252.6662 307.4997 36
240.4009 -287.936 335.5198 37.6
253.0582 -274.2233 374.2128 37.9
237.5331 -301.4732 351.9462 37.7
233.5172 -313.9345 369.0653 37.2
240.3147 -331.1334 397.0644 39.4
244.5029 -350.3078 424.443 40.7
245.8464 -369.2899 452.2314 41.5
245.4235 -387.138 480.8025 42
246.4468 -406.1506 508.6004 42.3
248.2812 -424.8438 536.5763 42.5
256.3139 -444.6399 562.3458 42.6
87.0249 -120.1014 184.2568 26.8
-8.5043 -176.429 16.1066 14.6
-10.0936 -207.326 12.4766 11
10.9008 -164.3643 21.4051 14.4
32.582 -120.572 29.6857 17.3
56.8637 -78.7669 40.2982 20
78.1061 -35.8775 52.7321 22.6
102.9072 5.7069 63.2865 25.3
129.576 45.5467 75.7455 27.7
157.7472 51.7124 92.9104 29.2
187.4382 57.8621 107.6017 30.4
220.1046 61.3686 114.0398 31.5
249.6365 61.6723 128.6911 32.4
272.6387 63.1757 153.221 33.1
293.5188 64.8718 179.6253 33.7
315.6121 66.9429 204.9834 34.2
341.9363 76.7059 219.5491 34.4
373.1338 88.217 215.5093 34.5
144.5531 95.3971 76.932 26.8
162.2212 137.8871 75.6078 30.3
178.5096 180.4715 81.478 32.6
197.1033 207.7141 81.1376 33.3
216.3963 234.5276 79.2266 33.7
236.2429 260.7962 76.0889 33.8
173.6598 242.0511 91.9132 33.1
0.3462 -198.8201 78.5431 13.7
-9.5032 -230.0878 20.5056 9.8
-7.042 -250.9952 22.3431 9.2
-4.3249 -271.7367 19.3036 8.5
28.8605 -291.3023 -11.805 10.1
55.1026 -316.6335 -45.9754 12
78.6332 -339.7812 -83.8396 13.8
103.7519 -374.8517 -105.9198 15.7
135.9434 -407.96 -123.4818 17.5
172.8702 -425.8151 -152.1611 18.7
220.7345 -472.3049 -178.1181 17.4
243.8607 -501.2929 -185.6975 20.4
264.1564 -529.0132 -202.1007 21.5
193.9516 -423.9782 -181.2427 19.2
-4.9696 -296.3 20.637 7.5
39.5246 -308.332 19.2794 8.6
81.9011 -325.0464 9.4618 9.6
121.7646 -346.778 -1.0553 9.1
142.2689 -357.5987 -8.9021 12.9
186.4429 -388.003 -17.1008 17.8
231.5074 -420.5887 -35.6968 20.9
264.5241 -465.0076 -51.9134 21.9
282.9648 -471.351 -60.7801 25.5
302.5107 -478.8256 -65.4143 28.1
322.4577 -492.8883 -86.4262 30.5
342.5444 -505.2577 -108.5111 32.1
367.2894 -513.4022 -127.169 33.5
395.8972 -520.7654 -140.2633 34.6
421.6593 -533.6833 -154.419 35.6
443.3664 -553.6071 -167.6994 36.6
466.2261 -571.464 -181.9353 37.4
489.7335 -587.0601 -197.6975 38.2
513.6055 -601.2181 -214.1638 39
534.3462 -615.6755 -234.2986 39.7
554.8199 -630.185 -254.6782 40.2
576.1771 -644.4781 -274.249 40.7
597.9131 -660.0334 -292.4305 41.1
620.7301 -676.6577 -308.1497 41.4
646.1687 -693.9555 -317.8988 41.6
669.5287 -708.1797 -334.9266 41.6
337.0759 -512.0617 -80.9715 28.3
364.0728 -527.4754 -80.6437 32.1
362.1154 -555.1494 -66.2777 32.8
390.6265 -545.9968 -78.3608 34.2
416.7224 -565.3164 -77.7036 35.7
442.8854 -584.5256 -78.9044 36.9
468.3852 -604.3725 -82.1385 37.9
492.9818 -625.3809 -85.0132 38.8
514.478 -649.6906 -85.3231 39.6
534.0782 -675.5829 -86.011 40.4
553.2453 -701.7828 -86.8046 41.2
573.7821 -726.7076 -84.0904 41.8
596.7264 -749.6413 -82.5037 42.5
619.9919 -772.2997 -81.895 43.1
643.8112 -794.3457 -82.8724 43.7
667.4758 -816.5607 -83.4196 44.2
690.506 -839.4583 -83.7232 44.8
714.433 -861.3104 -85.9032 45.2
738.5487 -882.8557 -88.952 45.7
762.5511 -904.4606 -92.4532 46.1
785.9498 -926.9371 -93.425 46.4
809.2473 -949.4391 -91.3033 46.8
834.1673 -969.6754 -86.5197 47.1
857.6992 -990.2042 -77.595 47.3
880.7031 -1011.3191 -68.6544 47.5
904.6832 -1032.0425 -61.6016 47.7
930.6026 -1050.7877 -55.9712 47.9
956.9302 -1067.7432 -47.4271 48
984.0403 -1082.8487 -37.8429 48
1011.7907 -1097.0718 -28.7444 48
186.3356 -414.0535 -10.5821 18.1
140.5669 -363.4909 -40.6684 13.8
-19.0747 -324.0611 19.6471 5.9
-30.4238 -356.4767 18.6939 3.8
-14.1491 -454.167 11.2039 -2.7
-18.1458 -475.1837 25.9358 -4.1
-15.8693 -501.2535 28.1626 -5.2
-5.0557 -596.9734 24.5497 -9.2
-9.1504 -694.3667 32.8866 -12.5
-14.5417 -756.0932 42.4953 -14.5
-13.4685 -818.8332 39.5756 -16
-20.257 -877.8741 31.8938 -18
-65.319 -920.8568 26.4565 -20.6
-117.0726 -955.9554 27.1541 -22.5
-166.3429 -993.1758 33.88 -24.1
-208.5728 -1038.5168 42.8397 -25.3
-251.3743 -1083.9767 51.6558 -26.2
-300.0499 -1123.2184 48.3965 -26.8
18.1666 -721.3831 -1.9777 -12.1
41.7823 -754.7961 -34.1565 -11.3
64.4676 -788.1326 -67.2925 -10.4
85.2672 -823.2436 -99.6239 -9.4
106.5309 -860.4295 -128.4893 -8.4
128.8223 -888.0914 -165.9638 -7.5
153.288 -920.0406 -197.7194 -6.7
169.4427 -959.9763 -226.6427 -6.2
183.7729 -992.1639 -264.9946 -5.9
202.0931 -1027.2406 -299.0092 -5.9
33.8238 -506.1751 2.2427 -4.1
73.2184 -501.8416 -38.6982 -3
112.1261 -511.7019 -79.076 -3.2
151.0034 -504.2384 -90.0801 -1.5
185.7005 -511.7353 -95.2498 1.8
221.0868 -504.475 -98.3547 3.7
254.0768 -500.8669 -109.709 4.9
289.7516 -496.9766 -112.2021 5.5
320.1178 -482.6544 -126.2837 5.8
-18.1696 -472.6958 -65.0714 -4.8
-34.9593 -487.9641 -107.7178 0.5
-78.2457 -499.3658 -78.96 3.1
-117.2489 -498.7281 -42.5261 4.8
-160.9669 -506.3862 -13.6365 6.1
-209.3699 -514.7097 6.7241 6.9
-205.2772 -536.8763 33.1932 7
-199.7242 -511.4611 40.487 7
-53.5725 -500.6594 -131.8493 1.7
-77.3615 -512.0209 -151.6074 2.4
-102.7668 -523.1137 -169.5694 2.8
-126.2622 -530.9685 -191.5108 2.9
-74.7 -376.3405 4.9988 5.1
-113.7211 -388.0927 -20.9036 7
-153.8734 -409.3476 -41.0334 9
-188.957 -435.0822 -62.4209 10
-232.6712 -465.1773 -67.2168 18
-268.5648 -495.5861 -76.8053 22.1
-309.3396 -521.343 -75.3122 25
-349.5325 -546.8832 -79.9864 27.3
-390.7101 -567.8232 -91.2447 29.5
-436.1469 -581.5643 -99.902 31.5
-472.0967 -600.4897 -69.1709 31.6
-458.8967 -590.0118 -104.4177 32.4
-475.2453 -575.2238 -100.7167 32.4
-493.6051 -618.6633 -104.556 33.9
-528.649 -639.8295 -123.4642 35.4
-560.5798 -666.259 -141.8212 36.7
-599.1921 -688.7313 -150.0588 37.9
-638.2394 -709.6395 -160.0574 39.1
-676.8348 -731.171 -169.6921 40.2
-710.1682 -760.715 -176.8015 41.3
-748.4736 -784.8631 -179.5425 42.2
-786.1223 -809.8238 -184.8375 43.2
-823.4288 -835.3735 -189.0462 44.1
-859.9452 -862.3984 -186.9967 44.9
-893.1122 -892.5208 -190.41 45.8
-925.5616 -922.5874 -200.5247 46.6
-961.5046 -949.05 -198.8059 47
-975.4633 -981.9125 -214.9986 47.4
-998.741 -972.8788 -216.435 48.2
-1026.7588 -988.6865 -226.1923 48.6
-1055.0004 -1003.7216 -236.5212 48.8
-1082.173 -1021.1799 -245.0267 49
-1108.4663 -1041.6519 -249.1216 49.1
-1136.5458 -1060.011 -251.2134 49.3
-1164.1057 -1079.0049 -253.8123 49.4
-1192.3123 -1096.9315 -256.916 49.5
-1221.6917 -1113.0682 -259.4371 49.5
-1252.9866 -1125.2762 -258.2557 49.6
-1284.3301 -1137.4183 -258.6171 49.6
-1316.0521 -1148.534 -259.2814 49.7
-1347.8365 -1159.2354 -257.0606 49.7
-1379.4232 -1169.7373 -259.5577 49.7
-986.0691 -959.1098 -241.4347 48.1
-1002.841 -966.2173 -269.237 48.3
-1019.1279 -976.1049 -296.4731 48.4
-233.5582 -461.234 -99.965 21
-236.9073 -464.5206 -133.1296 22.9
-240.3531 -470.6881 -165.8955 24.5
-243.0071 -476.795 -198.7443 25.7
-245.1272 -483.6722 -231.4819 26.7
-249.4561 -488.3334 -264.3551 27.6
-255.6366 -487.6 -297.2737 28.3
-262.3343 -485.5748 -330.0559 28.8
-268.6647 -483.4066 -362.902 29.1
-276.3908 -481.2987 -395.4413 29.2
-182.7473 -448.2197 -100.0678 12.8
-171.6134 -470.0368 -130.6157 14.2
-145.171 -500.3591 -132.8911 14.6
51.0362 -344.326 14.5063 10.2
92.9266 -360.494 10.1363 11.6
133.2991 -379.4519 15.5435 13.4
172.4944 -398.3107 26.5748 15.3
215.5481 -407.5019 17.1146 17.5
256.2816 -424.1041 24.8373 19.6
296.0502 -444.8609 28.8229 21.4
337.8948 -460.3726 23.4534 21.4
327.9936 -485.2444 -0.3559 24.6
315.8689 -507.27 -24.8493 26.1
403.5532 -503.8846 28.6131 32.7
436.0628 -503.0836 39.0621 34.6
466.3982 -501.9327 54.378 35.9
494.1028 -499.8234 73.9759 37
515.0966 -498.4294 101.1056 37.9
544.177 -496.1419 119.197 38.6
574.879 -496.2206 134.6771 39.2
605.3081 -492.632 149.9423 39.7
637.5745 -487.7325 160.7403 40
662.3287 -482.2499 183.7568 40.3
691.0383 -476.3324 200.9617 40.3
430.8235 -524.9365 24.2675 34
458.8827 -544.843 19.2403 34.6
486.9723 -564.7834 17.2334 35
509.1173 -587.5274 30.4849 35.1
341.794 -517.2265 32.208 27.8
62.7731 -352.3235 66.5294 12.1
65.2677 -351.0561 120.6665 14.3
67.925 -362.6689 173.3359 16.7
54.951 -367.5681 225.9833 19.2
80.2944 -348.6388 246.6423 19.3
105.9556 -325.0225 263.2698 19.3
49.2659 -371.4846 253.494 20.3
32.951 -363.4367 264.0462 20.2
59.3898 -375.0352 299.932 22.2
61.2889 -397.3957 342.7266 24.1
66.0432 -408.7942 389.3006 25.9
66.5151 -417.9125 436.782 27.7
71.461 -428.3394 483.2088 29.4
80.0183 -431.4835 530.5382 31.2
85.5696 -437.1943 578.3423 32.9
92.9397 -441.2007 625.9926 34.6
102.4893 -439.7682 673.4367 36.3
117.5956 -451.1246 717.9836 38
127.0131 -452.7144 764.5198 39.7
143.9723 -462.6864 787.0848 39.7
128.757 -471.8458 780.5286 40.5
133.1908 -470.8224 811.0534 41.3
134.5398 -475.9174 842.1566 42
136.2045 -482.2711 873.026 42.6
136.7881 -488.2705 904.0051 43.2
138.445 -494.1288 934.8838 43.8
146.826 -499.7322 964.7629 44.4
154.7601 -502.2478 995.1914 44.9
162.0069 -503.0379 1025.8919 45.3
170.0899 -503.5334 1056.3865 45.8
177.0336 -507.0516 1086.9689 46.1
183.0347 -507.3053 1117.9325 46.5
188.1506 -507.4286 1149.0722 46.8
191.6747 -503.418 1180.1175 47.1
194.8766 -498.3345 1211.0959 47.3
197.0701 -494.6752 1242.32 47.5
198.546 -490.5706 1273.5296 47.7
200.4582 -484.6698 1304.4535 47.8
203.4246 -477.5821 1335.0652 47.8
202.5372 -476.1066 1366.4709 47.9
104.4001 -488.8622 807.2929 40.8
86.125 -509.0248 836.8888 41
70.8716 -530.8136 867.0396 41.1
-8.6282 -146.3885 19.9073 17.4
39.8837 -196.283 62.0424 20.4
52.2124 -425.2878 2.9661 33.5
-440.5964 -287.1647 305.3876 -71.2
235.3041 -319.4888 373.425 34.5
143.947 96.9675 76.7385 26.1
-10.0227 -208.9655 13.8689 10.2
48.0567 -167.6382 104.9444 35.3
95.5474 -135.2582 131.1674 48.3
192.3129 -154.7863 195.9653 -69.3
108.7205 -166.6407 279.651 -67.7
226.3214 -471.8972 -176.8742 14.6
339.443 -514.353 -81.3239 26.8
263.355 -469.6279 -53.4812 19
126.1406 -345.3651 -2.7074 6.2
150.355 -504.894 -90.5774 -2
116.5195 -519.7495 -80.4013 -6.2
-18.4192 -477.039 -64.1431 -7.3
-196.344 -440.2891 -61.529 7.2
-965.7787 -953.8703 -205.8525 46.4
-202.891 -446.1893 -62.819 9.3
339.3725 -462.3025 23.7538 20.7
343.9525 -465.5827 21.2048 19.5
346.0706 -463.4172 24.2043 21
