0
0
0
0
0
0
0
0
0
0
0
0
0
0
0
0
0
0
0
0
0
0
0
0
0
0
0
0
0
0
0
0
0
0
0
0
0
0
0
0
0
0
0
0
0
0
0
0
0
0
0
0
0
0
0
0
0
0
0
0
0
0
0
0
0
0
0
0
0
0
0
0
0
0
0
0
0
0
0
0
0
0
0
0
0
0
0
0
0
0
0
0
0
0
0
0
0
0
0
0
0
0
0
0
0
0
0
0
0
0
0
0
0
0
0
0
0
0
0
0
0
0
0
0
0
0
0
0
0
0
0
0
0
0
0
0
0
0
0
0
0
0
0
0
0
0
0
0
0
0
0
0
0
0
0
0
0
0
0
0
0
0
0
0
0
0
0
0
0
0
0
0
0
0
0
0
0
0
0
0
0
0
0
0
0
0
0
0
0
0
0
0
0
0
0
0
0.617458887372133
1
0.610158495667028
0.353440297187001
0.185121243028910
0.0754700193335001
0.00472359767764717
-0.0402535095795825
-0.0681904496811615
-0.0848868623232954
-0.0941947942689071
-0.0986715507529165
-0.100013758151519
-0.0993459577199003
-0.0974124796060106
-0.0947050097321251
-0.0915474001686780
-0.0881520516685563
-0.0846573952615766
-0.0811528071865392
-0.0776951687127920
-0.0743198710359096
-0.0710481270358779
-0.0678918277613652
-0.0648567666660625
-0.0619447788042506
-0.0591551588055749
-0.0564855995180286
-0.0539328121385313
-0.0514929347489724
-0.0491618003376199
-0.0469351115580947
-0.0448085536357336
-0.0427778662982005
-0.0408388886042913
-0.0389875858890155
-0.0372200649478221
-0.0355325815250205
-0.0339215428036246
-0.0323835066845764
-0.0309151790390162
-0.0295134097157524
-0.0281751878192384
-0.0268976365963005
-0.0256780081522103
-0.0245136781387246
-0.0234021405050609
-0.0223410023685641
-0.0213279790393089
-0.0203608892179928
-0.0194376503768068
-0.0185562743266377
-0.0177148629698885
-0.0169116042356717
-0.0161447681925109
-0.0154127033327944
-0.0147138330227034
-0.0140466521111091
-0.0134097236909137
-0.0128016760063594
-0.0122211994999831
-0.0116670439930861
-0.0111380159937896
-0.0106329761269821
-0.0101508366806880
-0.00969055926361609
-0.00925115256887286
-0.00883167023904517
-0.00843120882806514
-0.00804890585547581
-0.00768393794891395
-0.00733551907081660
-0.00700289882552626
-0.00668536084315701
-0.00638222123674295
-0.00609282712934021
-0.00581655524791808
-0.00555281058100523
-0.00530102509720532
-0.00506065652181796
-0.00483118716893185
-0.00461212282647873
-0.00440299169183786
-0.00420334335570848
-0.00401274783205482
-0.00383079463203742
-0.00365709187993794
-0.00349126546916815
-0.00333295825655148
-0.00318182929313621
-0.00303755308988901
-0.00289981891668378
-0.00276833013307561
-0.00264280354942261
-0.00252296881697435
-0.00240856784561817
-0.00229935424802565
-0.00219509280900346
-0.00209555897890726
-0.00200053839002482
-0.00190982639488862
-0.00182322762552342
-0.00174055557267852
-0.00166163218413959
-0.00158628748125496
-0.00151435919284935
-0.00144569240573796
-0.00138013923108686
-0.00131755848590252
-0.00125781538896386
-0.00120078127054116
-0.00114633329527810
-0.00109435419763907
-0.00104473202935255
-0.000997359918306026
-0.000952135838373614
-0.000908962389680929
-0.000867746588833089
-0.000828399668654943
-0.000790836887011578
-0.000754977344297566
-0.000720743809202561
-0.000688062552376513
-0.000656863187637601
-0.000627078520380454
-0.000598644402857714
-0.000571499596024178
-0.000545585637645103
-0.000520846716385116
-0.000497229551606384
-0.000474683278617176
-0.000453159339123775
-0.000432611376649561
-0.000412995136696299
-0.000394268371432487
-0.000376390748703475
-0.000359323765167471
-0.000343030663370153
-0.000327476352579465
-0.000312627333210213
-0.000298451624675456
-0.000284918696509257
-0.000271999402612767
-0.000259665918481761
-0.000247891681280506
-0.000236651332632997
-0.000225920664008108
-0.000215676564581254
-0.000205896971460316
-0.000196560822168315
-0.000187648009280840
-0.000179139337120354
-0.000171016480414092
-0.000163261944826635
-0.000155859029282051
-0.000148791789994541
-0.000142045006129978
-0.000135604147024539
-0.000129455340889818
-0.000123585344936880
-0.000117981516855048
-0.000112631787583928
-0.000107524635320102
-0.000102649060702386
0
0
0
0
0
0
0
0
0
0
0
0
0
0
0
0
0
0
0
0
0
0
0
0
0
0
0
0
0
0
0
0
0
0
0
0
0
0
0
0
0
0
0
0
0
0
0
0
0
0
0
0
0
0
0
0
0
0
0
0
0
0
0
0
0
0
0
0
0
0
0
0
0
0
0
0
0
0
0
0
0
0
0
0
0
0
0
0
0
0
0
0
0
0
0
0
0
0
0
0
0
0
0
0
0
0
0
0
0
0
0
0
0
0
0
0
0
0
0
0
0
0
0
0
0
0
0
0
0
0
0
0
0
0
0
0
0
0
0
0
0
0
0
0
0
0
0
0
0
0
0
0
0
0
0
0
0
0
0
0
0
0
0
0
0
0
0
0
0
0
0
0
0
0
0
0
0
0
0
0
0
0
0
0
0
0
0
0
0
0
0
0
0
0
0
0
0
0
0
0
0
0
0
0
0
0
0
0
0
0
0
0
0
0
0
0
0
0
0
0
0
0
0
0
0
0
0
0
0
0
0
0
0
0
0
0
0
0
0
0
0