0
0.0250000000000000
0.0500000000000000
0.0750000000000000
0.100000000000000
0.125000000000000
0.150000000000000
0.175000000000000
0.200000000000000
0.225000000000000
0.250000000000000
0.275000000000000
0.300000000000000
0.325000000000000
0.350000000000000
0.375000000000000
0.400000000000000
0.425000000000000
0.450000000000000
0.475000000000000
0.500000000000000
0.525000000000000
0.550000000000000
0.575000000000000
0.600000000000000
0.625000000000000
0.650000000000000
0.675000000000000
0.700000000000000
0.725000000000000
0.750000000000000
0.775000000000000
0.800000000000000
0.825000000000000
0.850000000000000
0.875000000000000
0.900000000000000
0.925000000000000
0.950000000000000
0.975000000000000
1
1.02500000000000
1.05000000000000
1.07500000000000
1.10000000000000
1.12500000000000
1.15000000000000
1.17500000000000
1.20000000000000
1.22500000000000
1.25000000000000
1.27500000000000
1.30000000000000
1.32500000000000
1.35000000000000
1.37500000000000
1.40000000000000
1.42500000000000
1.45000000000000
1.47500000000000
1.50000000000000
1.52500000000000
1.55000000000000
1.57500000000000
1.60000000000000
1.62500000000000
1.65000000000000
1.67500000000000
1.70000000000000
1.72500000000000
1.75000000000000
1.77500000000000
1.80000000000000
1.82500000000000
1.85000000000000
1.87500000000000
1.90000000000000
1.92500000000000
1.95000000000000
1.97500000000000
2
2.02500000000000
2.05000000000000
2.07500000000000
2.10000000000000
2.12500000000000
2.15000000000000
2.17500000000000
2.20000000000000
2.22500000000000
2.25000000000000
2.27500000000000
2.30000000000000
2.32500000000000
2.35000000000000
2.37500000000000
2.40000000000000
2.42500000000000
2.45000000000000
2.47500000000000
2.50000000000000
2.52500000000000
2.55000000000000
2.57500000000000
2.60000000000000
2.62500000000000
2.65000000000000
2.67500000000000
2.70000000000000
2.72500000000000
2.75000000000000
2.77500000000000
2.80000000000000
2.82500000000000
2.85000000000000
2.87500000000000
2.90000000000000
2.92500000000000
2.95000000000000
2.97500000000000
3
3.02500000000000
3.05000000000000
3.07500000000000
3.10000000000000
3.12500000000000
3.15000000000000
3.17500000000000
3.20000000000000
3.22500000000000
3.25000000000000
3.27500000000000
3.30000000000000
3.32500000000000
3.35000000000000
3.37500000000000
3.40000000000000
3.42500000000000
3.45000000000000
3.47500000000000
3.50000000000000
3.52500000000000
3.55000000000000
3.57500000000000
3.60000000000000
3.62500000000000
3.65000000000000
3.67500000000000
3.70000000000000
3.72500000000000
3.75000000000000
3.77500000000000
3.80000000000000
3.82500000000000
3.85000000000000
3.87500000000000
3.90000000000000
3.92500000000000
3.95000000000000
3.97500000000000
4
4.02500000000000
4.05000000000000
4.07500000000000
4.10000000000000
4.12500000000000
4.15000000000000
4.17500000000000
4.20000000000000
4.22500000000000
4.25000000000000
4.27500000000000
4.30000000000000
4.32500000000000
4.35000000000000
4.37500000000000
4.40000000000000
4.42500000000000
4.45000000000000
4.47500000000000
4.50000000000000
4.52500000000000
4.55000000000000
4.57500000000000
4.60000000000000
4.62500000000000
4.65000000000000
4.67500000000000
4.70000000000000
4.72500000000000
4.75000000000000
4.77500000000000
4.80000000000000
4.82500000000000
4.85000000000000
4.87500000000000
4.90000000000000
4.92500000000000
4.95000000000000
4.97500000000000
5
5.02500000000000
5.05000000000000
5.07500000000000
5.10000000000000
5.12500000000000
5.15000000000000
5.17500000000000
5.20000000000000
5.22500000000000
5.25000000000000
5.27500000000000
5.30000000000000
5.32500000000000
5.35000000000000
5.37500000000000
5.40000000000000
5.42500000000000
5.45000000000000
5.47500000000000
5.50000000000000
5.52500000000000
5.55000000000000
5.57500000000000
5.60000000000000
5.62500000000000
5.65000000000000
5.67500000000000
5.70000000000000
5.72500000000000
5.75000000000000
5.77500000000000
5.80000000000000
5.82500000000000
5.85000000000000
5.87500000000000
5.90000000000000
5.92500000000000
5.95000000000000
5.97500000000000
6
6.02500000000000
6.05000000000000
6.07500000000000
6.10000000000000
6.12500000000000
6.15000000000000
6.17500000000000
6.20000000000000
6.22500000000000
6.25000000000000
6.27500000000000
6.30000000000000
6.32500000000000
6.35000000000000
6.37500000000000
6.40000000000000
6.42500000000000
6.45000000000000
6.47500000000000
6.50000000000000
6.52500000000000
6.55000000000000
6.57500000000000
6.60000000000000
6.62500000000000
6.65000000000000
6.67500000000000
6.70000000000000
6.72500000000000
6.75000000000000
6.77500000000000
6.80000000000000
6.82500000000000
6.85000000000000
6.87500000000000
6.90000000000000
6.92500000000000
6.95000000000000
6.97500000000000
7
7.02500000000000
7.05000000000000
7.07500000000000
7.10000000000000
7.12500000000000
7.15000000000000
7.17500000000000
7.20000000000000
7.22500000000000
7.25000000000000
7.27500000000000
7.30000000000000
7.32500000000000
7.35000000000000
7.37500000000000
7.40000000000000
7.42500000000000
7.45000000000000
7.47500000000000
7.50000000000000
7.52500000000000
7.55000000000000
7.57500000000000
7.60000000000000
7.62500000000000
7.65000000000000
7.67500000000000
7.70000000000000
7.72500000000000
7.75000000000000
7.77500000000000
7.80000000000000
7.82500000000000
7.85000000000000
7.87500000000000
7.90000000000000
7.92500000000000
7.95000000000000
7.97500000000000
8
8.02500000000000
8.05000000000000
8.07500000000000
8.10000000000000
8.12500000000000
8.15000000000000
8.17500000000000
8.20000000000000
8.22500000000000
8.25000000000000
8.27500000000000
8.30000000000000
8.32500000000000
8.35000000000000
8.37500000000000
8.40000000000000
8.42500000000000
8.45000000000000
8.47500000000000
8.50000000000000
8.52500000000000
8.55000000000000
8.57500000000000
8.60000000000000
8.62500000000000
8.65000000000000
8.67500000000000
8.70000000000000
8.72500000000000
8.75000000000000
8.77500000000000
8.80000000000000
8.82500000000000
8.85000000000000
8.87500000000000
8.90000000000000
8.92500000000000
8.95000000000000
8.97500000000000
9
9.02500000000000
9.05000000000000
9.07500000000000
9.10000000000000
9.12500000000000
9.15000000000000
9.17500000000000
9.20000000000000
9.22500000000000
9.25000000000000
9.27500000000000
9.30000000000000
9.32500000000000
9.35000000000000
9.37500000000000
9.40000000000000
9.42500000000000
9.45000000000000
9.47500000000000
9.50000000000000
9.52500000000000
9.55000000000000
9.57500000000000
9.60000000000000
9.62500000000000
9.65000000000000
9.67500000000000
9.70000000000000
9.72500000000000
9.75000000000000
9.77500000000000
9.80000000000000
9.82500000000000
9.85000000000000
9.87500000000000
9.90000000000000
9.92500000000000
9.95000000000000
9.97500000000000
10
10.0250000000000
10.0500000000000
10.0750000000000
10.1000000000000
10.1250000000000
10.1500000000000
10.1750000000000
10.2000000000000
10.2250000000000
10.2500000000000
10.2750000000000
10.3000000000000
10.3250000000000
10.3500000000000
10.3750000000000
10.4000000000000
10.4250000000000
10.4500000000000
10.4750000000000
10.5000000000000
10.5250000000000
10.5500000000000
10.5750000000000
10.6000000000000
10.6250000000000
10.6500000000000
10.6750000000000
10.7000000000000
10.7250000000000
10.7500000000000
10.7750000000000
10.8000000000000
10.8250000000000
10.8500000000000
10.8750000000000
10.9000000000000
10.9250000000000
10.9500000000000
10.9750000000000
11
11.0250000000000
11.0500000000000
11.0750000000000
11.1000000000000
11.1250000000000
11.1500000000000
11.1750000000000
11.2000000000000
11.2250000000000
11.2500000000000
11.2750000000000
11.3000000000000
11.3250000000000
11.3500000000000
11.3750000000000
11.4000000000000
11.4250000000000
11.4500000000000
11.4750000000000
11.5000000000000
11.5250000000000
11.5500000000000
11.5750000000000
11.6000000000000
11.6250000000000
11.6500000000000
11.6750000000000
11.7000000000000
11.7250000000000
11.7500000000000
11.7750000000000
11.8000000000000
11.8250000000000
11.8500000000000
11.8750000000000
11.9000000000000
11.9250000000000
11.9500000000000
11.9750000000000
12
12.0250000000000
12.0500000000000
12.0750000000000
12.1000000000000
12.1250000000000
12.1500000000000
12.1750000000000
12.2000000000000
12.2250000000000
12.2500000000000
12.2750000000000
12.3000000000000
12.3250000000000
12.3500000000000
12.3750000000000
12.4000000000000
12.4250000000000
12.4500000000000
12.4750000000000
12.5000000000000
12.5250000000000
12.5500000000000
12.5750000000000
12.6000000000000
12.6250000000000
12.6500000000000
12.6750000000000
12.7000000000000
12.7250000000000
12.7500000000000
12.7750000000000
12.8000000000000
12.8250000000000
12.8500000000000
12.8750000000000
12.9000000000000
12.9250000000000
12.9500000000000
12.9750000000000
13
13.0250000000000
13.0500000000000
13.0750000000000
13.1000000000000
13.1250000000000
13.1500000000000
13.1750000000000
13.2000000000000
13.2250000000000
13.2500000000000
13.2750000000000
13.3000000000000
13.3250000000000
13.3500000000000
13.3750000000000
13.4000000000000
13.4250000000000
13.4500000000000
13.4750000000000
13.5000000000000
13.5250000000000
13.5500000000000
13.5750000000000
13.6000000000000
13.6250000000000
13.6500000000000
13.6750000000000
13.7000000000000
13.7250000000000
13.7500000000000
13.7750000000000
13.8000000000000
13.8250000000000
13.8500000000000
13.8750000000000
13.9000000000000
13.9250000000000
13.9500000000000
13.9750000000000
14
14.0250000000000
14.0500000000000
14.0750000000000
14.1000000000000
14.1250000000000
14.1500000000000
14.1750000000000
14.2000000000000
14.2250000000000
14.2500000000000
14.2750000000000
14.3000000000000
14.3250000000000
14.3500000000000
14.3750000000000
14.4000000000000
14.4250000000000
14.4500000000000
14.4750000000000
14.5000000000000
14.5250000000000
14.5500000000000
14.5750000000000
14.6000000000000
14.6250000000000
14.6500000000000
14.6750000000000
14.7000000000000
14.7250000000000
14.7500000000000
14.7750000000000
14.8000000000000
14.8250000000000
14.8500000000000
14.8750000000000
14.9000000000000
14.9250000000000
14.9500000000000
14.9750000000000
15